100
0.131 0.0 0.9 0.0 0.0 0.945 0.0 0.0 0.672 0.045 0.0 0.826 0.0 0.0 0.085 0.596 0.0 0.021 0.384 1.0 0.121 0.356 0.267 0.0 0.0 0.651 0.0 0.0 0.0 0.0 0.77 0.0 0.0 0.0 0.783 0.664 0.805 0.0 0.0 0.0 0.0 0.953 0.0 0.198 0.0 0.0 0.224 0.644 0.0 0.158 0.763 0.0 0.285 0.0 0.623 0.0 0.847 0.0 0.0 0.762 0.0 0.0 0.0 0.673 0.0 0.0 0.0 0.326 0.061 0.0 0.239 0.0 0.867 0.0 0.637 0.0 0.416 0.0 0.393 0.816 0.0 0.181 0.0 0.183 0.867 0.947 0.736 0.712 0.0 0.0 0.0 0.0 0.0 0.0 0.988 0.0 0.0 0.0 0.0 0.0 
0.0 0.674 0.735 0.778 0.0 0.529 0.0 0.864 0.221 0.14 0.0 0.924 0.0 0.33 0.326 0.0 0.657 0.2 0.0 0.662 0.0 0.0 0.0 0.0 0.0 0.696 0.0 0.0 0.562 0.0 0.0 0.0 0.906 0.0 0.781 0.532 0.887 0.0 0.453 0.307 0.553 0.0 0.0 0.877 0.018 0.0 0.534 0.0 0.904 0.0 0.0 0.0 0.0 0.896 0.0 0.0 0.83 0.0 0.678 0.657 0.0 0.0 0.827 0.0 0.605 0.718 0.0 0.427 0.0 0.0 0.0 0.0 0.0 0.58 0.0 0.645 0.67 0.0 0.87 0.513 0.0 0.0 0.272 0.326 0.0 0.0 0.0 0.0 0.0 0.849 0.0 0.332 0.0 0.0 0.0 0.192 0.821 0.599 0.0 0.0 
0.9 0.735 0.592 0.072 0.334 0.945 0.189 0.0 0.0 0.0 0.0 0.821 0.0 0.57 0.0 0.0 0.0 0.0 0.0 0.0 0.0 0.0 0.0 0.89 0.0 0.0 0.0 0.13 0.534 0.0 0.523 0.298 0.931 0.0 0.0 0.109 0.0 0.0 0.0 0.546 0.433 0.0 0.339 0.894 0.0 0.392 0.528 0.0 0.0 0.0 0.0 0.0 0.529 0.008 0.0 0.49 0.0 0.0 0.0 0.518 0.141 0.0 0.507 0.379 0.0 0.0 0.0 0.039 0.0 0.0 0.0 0.973 0.0 0.0 0.187 0.867 0.881 0.0 0.0 0.745 0.0 0.0 0.0 0.0 0.0 0.667 0.0 0.0 0.0 0.874 0.0 0.0 0.999 0.0 0.0 0.0 0.0 0.421 0.0 0.246 
0.0 0.778 0.072 0.0 0.352 0.0 0.0 0.0 0.0 0.0 0.0 0.0 0.0 0.0 0.0 0.0 0.0 0.0 0.102 0.0 0.0 0.0 0.91 0.599 0.0 0.0 0.492 0.18 0.0 0.0 0.89 0.0 0.0 0.0 0.0 0.958 0.0 0.0 0.0 0.162 0.0 0.0 0.0 0.361 0.504 0.504 0.0 0.0 0.0 0.0 0.0 0.525 0.467 0.0 0.261 0.0 0.541 0.0 0.0 0.0 0.01 0.0 0.0 0.416 0.0 0.375 0.353 0.115 0.0 0.0 0.0 0.0 0.414 0.0 0.0 0.0 0.741 0.986 0.025 0.688 0.0 0.672 0.159 0.0 0.0 0.0 0.909 0.0 0.88 0.0 0.861 0.042 0.0 0.0 0.061 0.0 0.785 0.672 0.0 0.874 
0.0 0.0 0.334 0.352 0.0 0.0 0.0 0.906 0.0 0.457 0.835 0.853 0.234 0.0 0.022 0.637 0.0 0.0 0.725 0.0 0.0 0.0 0.0 0.178 0.012 0.0 0.0 0.0 0.0 0.0 0.0 0.0 0.127 0.961 0.532 0.0 0.0 0.0 0.0 0.774 0.0 0.889 0.0 0.0 0.514 0.488 0.285 0.311 0.0 0.272 0.0 0.0 0.906 0.0 0.0 0.278 0.727 0.0 0.698 0.575 0.426 0.411 0.208 0.506 0.0 0.0 0.0 0.675 0.0 0.939 0.582 0.0 0.377 0.0 0.0 0.984 0.0 0.0 0.0 0.0 0.0 0.065 0.036 0.0 0.0 0.0 0.565 0.145 0.399 0.0 0.682 0.277 0.313 0.27 0.0 0.0 0.0 0.0 0.0 0.0 
0.945 0.529 0.945 0.0 0.0 0.137 0.668 0.559 0.272 0.178 0.0 0.0 0.023 0.0 0.0 0.0 0.0 0.784 0.0 0.113 0.0 0.0 0.0 0.0 0.0 0.148 0.0 0.0 0.475 0.008 0.0 0.0 0.097 0.337 0.0 0.0 0.496 0.318 0.0 0.0 0.0 0.0 0.0 0.0 0.0 0.208 0.611 0.0 0.0 0.827 0.948 0.0 0.836 0.0 0.114 0.571 0.688 0.211 0.0 0.0 0.817 0.0 0.0 0.254 0.94 0.0 0.559 0.0 0.263 0.577 0.0 0.0 0.862 0.0 0.0 0.0 0.0 0.0 0.0 0.0 0.259 0.22 0.195 0.0 0.993 0.0 0.0 0.0 0.0 0.231 0.0 0.0 0.189 0.486 0.0 0.0 0.0 0.0 0.0 0.0 
0.0 0.0 0.189 0.0 0.0 0.668 0.675 0.0 0.0 0.0 0.0 0.0 0.0 0.369 0.0 0.0 0.262 0.0 0.96 0.311 0.692 0.0 0.878 0.362 0.983 0.0 0.0 0.663 0.825 0.0 0.0 0.0 0.526 0.0 0.841 0.753 0.0 0.0 0.0 0.0 0.0 0.0 0.0 0.0 0.0 0.003 0.945 0.172 0.831 0.285 0.0 0.967 0.0 0.796 0.0 0.501 0.0 0.0 0.0 0.462 0.0 0.0 0.0 0.0 0.109 0.0 0.175 0.0 0.49 0.452 0.301 0.597 0.116 0.0 0.459 0.0 0.218 0.661 0.0 0.0 0.0 0.665 0.0 0.623 0.683 0.903 0.0 0.766 0.0 0.0 0.0 0.0 0.0 0.0 0.0 0.0 0.14 0.0 0.0 0.467 
0.0 0.864 0.0 0.0 0.906 0.559 0.0 0.964 0.0 0.886 0.0 0.0 0.227 0.0 0.0 0.531 0.855 0.308 0.0 0.0 0.0 0.474 0.0 0.0 0.0 0.042 0.0 0.223 0.0 0.268 0.219 0.93 0.0 0.11 0.0 0.285 0.0 0.0 0.828 0.0 0.0 0.387 0.327 0.0 0.0 0.0 0.296 0.0 0.0 0.0 0.364 0.0 0.648 0.385 0.0 0.0 0.0 0.284 0.0 0.0 0.0 0.0 0.0 0.0 0.325 0.0 0.395 0.0 0.0 0.013 0.0 0.0 0.0 0.268 0.678 0.777 0.0 0.0 0.476 0.0 0.0 0.992 0.0 0.0 0.76 0.0 0.0 0.816 0.0 0.395 0.0 0.0 0.823 0.0 0.0 0.0 0.928 0.0 0.0 0.187 
0.672 0.221 0.0 0.0 0.0 0.272 0.0 0.0 0.751 0.0 0.04 0.0 0.0 0.0 0.729 0.664 0.161 0.0 0.61 0.0 0.649 0.093 0.0 0.0 0.516 0.0 0.0 0.0 0.0 0.0 0.098 0.0 0.0 0.0 0.0 0.0 0.177 0.0 0.0 0.667 0.0 0.307 0.653 0.559 0.551 0.6 0.0 0.681 0.843 0.577 0.0 0.0 0.0 0.0 0.0 0.0 0.0 0.0 0.018 0.0 0.0 0.0 0.0 0.143 0.749 0.0 0.0 0.62 0.0 0.96 0.693 0.267 0.0 0.0 0.0 0.0 0.843 0.0 0.283 0.0 0.049 0.0 0.025 0.0 0.0 0.737 0.074 0.423 0.26 0.0 0.0 0.807 0.0 0.0 0.0 0.166 0.574 0.0 0.42 0.0 
0.045 0.14 0.0 0.0 0.457 0.178 0.0 0.886 0.0 0.0 0.236 0.607 0.298 0.042 0.001 0.0 0.0 0.0 0.0 0.469 0.245 0.0 0.343 0.0 0.564 0.0 0.0 0.844 0.0 0.902 0.0 0.0 0.514 0.0 0.0 0.0 0.458 0.033 0.0 0.0 0.0 0.0 0.0 0.0 0.0 0.967 0.0 0.0 0.2 0.0 0.0 0.0 0.0 0.402 0.775 0.0 0.0 0.0 0.0 0.0 0.0 0.0 0.0 0.0 0.0 0.577 0.0 0.0 0.0 0.0 0.0 0.0 0.0 0.0 0.0 0.0 0.0 0.0 0.0 0.0 0.059 0.744 0.0 0.0 0.0 0.241 0.371 0.0 0.998 0.0 0.652 0.0 0.038 0.327 0.404 0.0 0.0 0.139 0.0 0.0 
0.0 0.0 0.0 0.0 0.835 0.0 0.0 0.0 0.04 0.236 0.0 0.928 0.256 0.105 0.0 0.0 0.0 0.0 0.113 0.991 0.595 0.0 0.0 0.86 0.0 0.0 0.0 0.182 0.453 0.713 0.0 0.0 0.312 0.0 0.0 0.0 0.0 0.0 0.0 0.0 0.235 0.477 0.44 0.401 0.0 0.708 0.0 0.0 0.189 0.0 0.0 0.0 0.74 0.168 0.0 0.563 0.134 0.0 0.0 0.415 0.0 0.0 0.0 0.0 0.098 0.389 0.582 0.535 0.0 0.0 0.777 0.997 0.0 0.0 0.401 0.0 0.0 0.0 0.0 0.0 0.0 0.0 0.276 0.957 0.153 0.196 0.0 0.0 0.0 0.0 0.0 0.0 0.0 0.513 0.357 0.0 0.0 0.544 0.561 0.665 
0.826 0.924 0.821 0.0 0.853 0.0 0.0 0.0 0.0 0.607 0.928 0.855 0.642 0.096 0.929 0.0 0.0 0.0 0.0 0.0 0.275 0.0 0.0 0.64 0.69 0.518 0.0 0.0 0.0 0.0 0.0 0.0 0.0 0.0 0.368 0.447 0.384 0.326 0.0 0.0 0.224 0.0 0.0 0.607 0.107 0.824 0.0 0.0 0.0 0.742 0.0 0.2 0.855 0.0 0.0 0.0 0.667 0.0 0.339 0.0 0.0 0.51 0.0 0.121 0.0 0.0 0.88 0.751 0.0 0.0 0.0 0.523 0.956 0.0 0.0 0.0 0.628 0.494 0.0 0.0 0.0 0.0 0.0 0.13 0.214 0.243 0.0 0.0 0.0 0.353 0.963 0.008 0.0 0.714 0.0 0.0 0.0 0.0 0.0 0.919 
0.0 0.0 0.0 0.0 0.234 0.023 0.0 0.227 0.0 0.298 0.256 0.642 0.0 0.0 0.623 0.0 0.0 0.0 0.195 0.0 0.0 0.0 0.0 0.0 0.098 0.0 0.0 0.0 0.0 0.664 0.0 0.0 0.0 0.22 0.0 0.0 0.583 0.003 0.0 0.042 0.044 0.336 0.0 0.0 0.658 0.0 0.0 0.616 0.0 0.721 0.0 0.188 0.0 0.0 0.0 0.916 0.121 0.0 0.0 0.0 0.0 0.0 0.83 0.0 0.0 0.677 0.0 0.666 0.683 0.0 0.71 0.0 0.007 0.074 0.952 0.0 0.0 0.755 0.918 0.0 0.334 0.0 0.0 0.0 0.0 0.93 0.519 0.0 0.674 0.0 0.739 0.0 0.0 0.0 0.0 0.0 0.0 0.677 0.485 0.0 
0.0 0.33 0.57 0.0 0.0 0.0 0.369 0.0 0.0 0.042 0.105 0.096 0.0 0.08 0.0 0.0 0.0 0.411 0.664 0.0 0.422 0.262 0.0 0.0 0.0 0.286 0.0 0.289 0.0 0.0 0.0 0.119 0.0 0.0 0.0 0.0 0.0 0.174 0.0 0.046 0.0 0.0 0.0 0.0 0.0 0.0 0.0 0.654 0.141 0.0 0.0 0.0 0.0 0.0 0.015 0.197 0.0 0.0 0.0 0.0 0.0 0.212 0.0 0.0 0.0 0.0 0.859 0.0 0.0 0.0 0.0 0.223 0.0 0.0 0.422 0.0 0.0 0.285 0.581 0.198 0.888 0.08 0.0 0.0 0.0 0.0 0.0 0.0 0.626 0.0 0.0 0.0 0.0 0.0 0.0 0.0 0.0 0.0 0.659 0.175 
0.085 0.326 0.0 0.0 0.022 0.0 0.0 0.0 0.729 0.001 0.0 0.929 0.623 0.0 0.614 0.0 0.824 0.0 0.165 0.0 0.0 0.0 0.0 0.045 0.445 0.0 0.705 0.0 0.282 0.0 0.0 0.0 0.629 0.866 0.538 0.0 0.65 0.467 0.0 0.0 0.862 0.811 0.0 0.0 0.854 0.163 0.0 0.983 0.0 0.0 0.0 0.738 0.0 0.0 0.0 0.0 0.0 0.0 0.0 0.0 0.0 0.0 0.0 0.0 0.0 0.066 0.0 0.0 0.95 0.0 0.882 0.437 0.08 0.0 0.292 0.0 0.518 0.0 0.17 0.0 0.0 0.0 0.0 0.509 0.849 0.0 0.0 0.0 0.938 0.282 0.36 0.0 0.967 0.0 0.077 0.0 0.266 0.18 0.0 0.148 
0.596 0.0 0.0 0.0 0.637 0.0 0.0 0.531 0.664 0.0 0.0 0.0 0.0 0.0 0.0 0.0 0.788 0.908 0.534 0.087 0.0 0.927 0.0 0.467 0.0 0.0 0.0 0.0 0.0 0.566 0.0 0.0 0.85 0.0 0.331 0.012 0.271 0.063 0.523 0.576 0.0 0.0 0.0 0.0 0.124 0.0 0.0 0.0 0.0 0.0 0.852 0.0 0.926 0.433 0.0 0.0 0.443 0.0 0.0 0.0 0.474 0.0 0.0 0.0 0.666 0.0 0.0 0.941 0.114 0.0 0.0 0.767 0.0 0.0 0.127 0.0 0.051 0.856 0.101 0.0 0.874 0.0 0.197 0.0 0.296 0.0 0.0 0.0 0.0 0.0 0.036 0.0 0.0 0.474 0.605 0.0 0.707 0.0 0.031 0.742 
0.0 0.657 0.0 0.0 0.0 0.0 0.262 0.855 0.161 0.0 0.0 0.0 0.0 0.0 0.824 0.788 0.0 0.0 0.332 0.0 0.0 0.331 0.0 0.197 0.654 0.0 0.264 0.503 0.405 0.632 0.0 0.0 0.0 0.0 0.0 0.0 0.0 0.0 0.886 0.359 0.0 0.0 0.0 0.048 0.0 0.0 0.993 0.0 0.0 0.0 0.0 0.34 0.846 0.201 0.0 0.0 0.0 0.0 0.0 0.0 0.172 0.309 0.0 0.986 0.0 0.0 0.277 0.0 0.178 0.005 0.0 0.0 0.0 0.0 0.0 0.0 0.0 0.0 0.061 0.853 0.0 0.413 0.368 0.796 0.0 0.0 0.0 0.488 0.0 0.732 0.439 0.0 0.0 0.091 0.0 0.874 0.951 0.521 0.0 0.0 
0.021 0.2 0.0 0.0 0.0 0.784 0.0 0.308 0.0 0.0 0.0 0.0 0.0 0.411 0.0 0.908 0.0 0.0 0.0 0.0 0.833 0.0 0.0 0.017 0.877 0.813 0.0 0.262 0.853 0.0 0.0 0.0 0.526 0.435 0.0 0.109 0.0 0.639 0.0 0.0 0.0 0.441 0.147 0.0 0.0 0.0 0.0 0.529 0.0 0.0 0.223 0.0 0.385 0.0 0.0 0.528 0.212 0.0 0.0 0.21 0.0 0.0 0.0 0.408 0.0 0.861 0.993 0.0 0.0 0.0 0.0 0.261 0.0 0.601 0.0 0.438 0.0 0.549 0.0 0.0 0.0 0.098 0.0 0.0 0.0 0.826 0.0 0.0 0.74 0.0 0.332 0.781 0.263 0.311 0.687 0.995 0.0 0.0 0.0 0.744 
0.384 0.0 0.0 0.102 0.725 0.0 0.96 0.0 0.61 0.0 0.113 0.0 0.195 0.664 0.165 0.534 0.332 0.0 0.565 0.032 0.365 0.11 0.68 0.437 0.992 0.11 0.0 0.0 0.0 0.544 0.0 0.439 0.177 0.059 0.0 0.0 0.0 0.0 0.0 0.0 0.0 0.0 0.0 0.0 0.394 0.0 0.0 0.0 0.0 0.0 0.494 0.0 0.0 0.0 0.373 0.034 0.0 0.481 0.0 0.0 0.0 0.039 0.844 0.413 0.0 0.0 0.0 0.0 0.0 0.603 0.0 0.0 0.0 0.246 0.985 0.646 0.0 0.0 0.132 0.0 0.143 0.0 0.464 0.992 0.0 0.161 0.0 0.0 0.0 0.0 0.0 0.109 0.0 0.0 0.04 0.996 0.729 0.432 0.0 0.49 
1.0 0.662 0.0 0.0 0.0 0.113 0.311 0.0 0.0 0.469 0.991 0.0 0.0 0.0 0.0 0.087 0.0 0.0 0.032 0.0 0.0 0.0 0.0 0.807 0.707 0.0 0.972 0.97 0.274 0.0 0.0 0.063 0.469 0.0 0.0 0.0 0.0 0.766 0.26 0.0 0.0 0.293 0.568 0.0 0.0 0.0 0.0 0.842 0.0 0.976 0.161 0.0 0.0 0.657 0.0 0.025 0.877 0.128 0.266 0.043 0.0 0.0 0.0 0.0 0.0 0.516 0.0 0.0 0.165 0.0 0.046 0.272 0.0 0.0 0.0 0.975 0.0 0.0 0.646 0.0 0.0 0.328 0.0 0.59 0.206 0.114 0.0 0.782 0.0 0.899 0.301 0.0 0.0 0.0 0.72 0.0 0.0 0.234 0.432 0.0 
0.121 0.0 0.0 0.0 0.0 0.0 0.692 0.0 0.649 0.245 0.595 0.275 0.0 0.422 0.0 0.0 0.0 0.833 0.365 0.0 0.0 0.0 0.0 0.509 0.0 0.958 0.0 0.493 0.0 0.0 0.0 0.327 0.726 0.0 0.193 0.268 0.0 0.0 0.163 0.604 0.366 0.0 0.0 0.0 0.0 0.0 0.0 0.0 0.0 0.633 0.0 0.0 0.955 0.872 0.0 0.677 0.0 0.0 0.0 0.572 0.0 0.242 0.0 0.0 0.437 0.116 0.0 0.233 0.665 0.0 0.0 0.9 0.0 0.0 0.813 0.075 0.032 0.553 0.0 0.0 0.0 0.106 0.0 0.839 0.0 0.0 0.677 0.0 0.933 0.031 0.82 0.481 0.0 0.491 0.0 0.796 0.195 0.246 0.302 0.41 
0.356 0.0 0.0 0.0 0.0 0.0 0.0 0.474 0.093 0.0 0.0 0.0 0.0 0.262 0.0 0.927 0.331 0.0 0.11 0.0 0.0 0.825 0.252 0.0 0.0 0.0 0.711 0.302 0.0 0.796 0.0 0.0 0.0 0.0 0.0 0.0 0.466 0.0 0.0 0.644 0.043 0.693 0.368 0.392 0.0 0.0 0.07 0.0 0.35 0.0 0.0 0.106 0.258 0.381 0.366 0.0 0.0 0.905 0.243 0.438 0.328 0.0 0.0 0.917 0.0 0.0 0.966 0.396 0.0 0.0 0.0 0.722 0.571 0.617 0.0 0.0 0.0 0.654 0.834 0.0 0.077 0.0 0.945 0.0 0.0 0.358 0.517 0.0 0.0 0.241 0.083 0.583 0.166 0.0 0.0 0.287 0.0 0.364 0.822 0.0 
0.267 0.0 0.0 0.91 0.0 0.0 0.878 0.0 0.0 0.343 0.0 0.0 0.0 0.0 0.0 0.0 0.0 0.0 0.68 0.0 0.0 0.252 0.0 0.0 0.0 0.472 0.481 0.0 0.0 0.0 0.0 0.0 0.0 0.0 0.202 0.0 0.56 0.0 0.0 0.0 0.37 0.899 0.0 0.0 0.698 0.67 0.851 0.124 0.0 0.0 0.0 0.0 0.0 0.0 0.0 0.0 0.0 0.051 0.514 0.327 0.0 0.0 0.0 0.0 0.0 0.197 0.0 0.0 0.0 0.0 0.0 0.0 0.0 0.0 0.72 0.0 0.0 0.051 0.0 0.0 0.0 0.0 0.81 0.0 0.223 0.898 0.0 0.612 0.0 0.0 0.574 0.511 0.0 0.0 0.0 0.172 0.606 0.176 0.218 0.0 
0.0 0.0 0.89 0.599 0.178 0.0 0.362 0.0 0.0 0.0 0.86 0.64 0.0 0.0 0.045 0.467 0.197 0.017 0.437 0.807 0.509 0.0 0.0 0.0 0.575 0.429 0.0 0.0 0.0 0.791 0.0 0.0 0.937 0.0 0.0 0.0 0.666 0.0 0.0 0.0 0.374 0.0 0.714 0.0 0.0 0.0 0.0 0.0 0.0 0.054 0.0 0.238 0.0 0.0 0.0 0.0 0.0 0.351 0.0 0.854 0.287 0.0 0.0 0.0 0.0 0.0 0.0 0.528 0.466 0.008 0.0 0.417 0.0 0.577 0.0 0.385 0.353 0.0 0.973 0.0 0.282 0.0 0.0 0.0 0.0 0.0 0.228 0.0 0.753 0.0 0.0 0.593 0.0 0.0 0.0 0.0 0.0 0.368 0.0 0.0 
0.0 0.0 0.0 0.0 0.012 0.0 0.983 0.0 0.516 0.564 0.0 0.69 0.098 0.0 0.445 0.0 0.654 0.877 0.992 0.707 0.0 0.0 0.0 0.575 0.0 0.128 0.195 0.0 0.0 0.0 0.282 0.0 0.0 0.0 0.22 0.0 0.0 0.0 0.182 0.0 0.991 0.0 0.78 0.0 0.0 0.161 0.0 0.0 0.0 0.0 0.0 0.0 0.0 0.0 0.0 0.0 0.0 0.0 0.0 0.913 0.625 0.0 0.0 0.0 0.0 0.777 0.0 0.0 0.0 0.0 0.586 0.0 0.0 0.0 0.698 0.095 0.0 0.0 0.196 0.094 0.0 0.0 0.461 0.0 0.0 0.42 0.0 0.998 0.0 0.141 0.0 0.571 0.0 0.0 0.0 0.0 0.5 0.0 0.504 0.0 
0.651 0.696 0.0 0.0 0.0 0.148 0.0 0.042 0.0 0.0 0.0 0.518 0.0 0.286 0.0 0.0 0.0 0.813 0.11 0.0 0.958 0.0 0.472 0.429 0.128 0.0 0.0 0.46 0.616 0.226 0.0 0.0 0.703 0.0 0.0 0.38 0.231 0.0 0.0 0.713 0.578 0.733 0.579 0.0 0.0 0.228 0.394 0.37 0.0 0.0 0.0 0.0 0.0 0.0 0.945 0.238 0.0 0.0 0.67 0.0 0.0 0.0 0.297 0.0 0.0 0.0 0.207 0.787 0.0 0.0 0.0 0.0 0.347 0.0 0.0 0.203 0.0 0.886 0.0 0.0 0.0 0.0 0.719 0.086 0.0 0.86 0.0 0.891 0.0 0.367 0.0 0.0 0.0 0.0 0.432 0.222 0.0 0.0 0.0 0.0 
0.0 0.0 0.0 0.492 0.0 0.0 0.0 0.0 0.0 0.0 0.0 0.0 0.0 0.0 0.705 0.0 0.264 0.0 0.0 0.972 0.0 0.711 0.481 0.0 0.195 0.0 0.567 0.151 0.656 0.0 0.613 0.0 0.319 0.0 0.0 0.0 0.911 0.844 0.0 0.0 0.697 0.0 0.0 0.566 0.573 0.0 0.0 0.963 0.0 0.302 0.0 0.0 0.19 0.0 0.0 0.0 0.58 0.0 0.0 0.0 0.0 0.204 0.912 0.0 0.0 0.0 0.0 0.403 0.265 0.0 0.895 0.0 0.254 0.0 0.458 0.0 0.54 0.0 0.0 0.494 0.0 0.0 0.221 0.0 0.531 0.0 0.0 0.0 0.406 0.0 0.0 0.0 0.0 0.0 0.0 0.0 0.185 0.0 0.165 0.915 
0.0 0.0 0.13 0.18 0.0 0.0 0.663 0.223 0.0 0.844 0.182 0.0 0.0 0.289 0.0 0.0 0.503 0.262 0.0 0.97 0.493 0.302 0.0 0.0 0.0 0.46 0.151 0.0 0.0 0.0 0.63 0.944 0.0 0.452 0.243 0.568 0.222 0.0 0.357 0.574 0.0 0.177 0.052 0.0 0.0 0.039 0.0 0.0 0.0 0.0 0.012 0.0 0.093 0.134 0.0 0.0 0.738 0.0 0.0 0.0 0.0 0.0 0.875 0.726 0.0 0.0 0.0 0.789 0.0 0.0 0.0 0.0 0.293 0.0 0.763 0.0 0.134 0.0 0.0 0.0 0.0 0.99 0.0 0.091 0.0 0.0 0.93 0.0 0.0 0.565 0.767 0.307 0.0 0.0 0.38 0.0 0.99 0.078 0.0 0.177 
0.0 0.562 0.534 0.0 0.0 0.475 0.825 0.0 0.0 0.0 0.453 0.0 0.0 0.0 0.282 0.0 0.405 0.853 0.0 0.274 0.0 0.0 0.0 0.0 0.0 0.616 0.656 0.0 0.0 0.0 0.0 0.0 0.0 0.195 0.0 0.255 0.0 0.295 0.0 0.0 0.0 0.0 0.256 0.923 0.0 0.0 0.03 0.0 0.0 0.396 0.028 0.0 0.0 0.0 0.0 0.0 0.0 0.0 0.495 0.0 0.0 0.0 0.0 0.0 0.992 0.0 0.0 0.0 0.0 0.0 0.0 0.0 0.475 0.0 0.0 0.696 0.835 0.0 0.0 0.0 0.0 0.958 0.0 0.634 0.095 0.276 0.364 0.543 0.344 0.618 0.0 0.0 0.844 0.0 0.0 0.0 0.0 0.779 0.0 0.265 
0.0 0.0 0.0 0.0 0.0 0.008 0.0 0.268 0.0 0.902 0.713 0.0 0.664 0.0 0.0 0.566 0.632 0.0 0.544 0.0 0.0 0.796 0.0 0.791 0.0 0.226 0.0 0.0 0.0 0.0 0.0 0.0 0.937 0.0 0.0 0.738 0.819 0.0 0.424 0.0 0.287 0.43 0.0 0.229 0.184 0.0 0.0 0.0 0.984 0.0 0.0 0.0 0.0 0.757 0.903 0.0 0.902 0.292 0.884 0.196 0.0 0.149 0.0 0.0 0.974 0.0 0.019 0.0 0.0 0.0 0.573 0.569 0.678 0.0 0.0 0.0 0.0 0.0 0.0 0.774 0.679 0.109 0.0 0.834 0.0 0.0 0.833 0.476 0.0 0.0 0.0 0.0 0.335 0.089 0.0 0.189 0.167 0.323 0.066 0.082 
0.77 0.0 0.523 0.89 0.0 0.0 0.0 0.219 0.098 0.0 0.0 0.0 0.0 0.0 0.0 0.0 0.0 0.0 0.0 0.0 0.0 0.0 0.0 0.0 0.282 0.0 0.613 0.63 0.0 0.0 0.525 0.695 0.751 0.135 0.0 0.0 0.0 0.0 0.689 0.0 0.553 0.732 0.0 0.0 0.0 0.325 0.0 0.442 0.0 0.0 0.0 0.617 0.006 0.0 0.0 0.0 0.0 0.0 0.0 0.036 0.0 0.0 0.0 0.0 0.642 0.0 0.57 0.0 0.608 0.0 0.354 0.036 0.0 0.0 0.135 0.0 0.0 0.435 0.0 0.816 0.486 0.0 0.0 0.0 0.029 0.487 0.0 0.798 0.0 0.0 0.0 0.14 0.0 0.0 0.0 0.0 0.0 0.0 0.0 0.0 
0.0 0.0 0.298 0.0 0.0 0.0 0.0 0.93 0.0 0.0 0.0 0.0 0.0 0.119 0.0 0.0 0.0 0.0 0.439 0.063 0.327 0.0 0.0 0.0 0.0 0.0 0.0 0.944 0.0 0.0 0.695 0.0 0.0 0.0 0.997 0.798 0.0 0.628 0.723 0.0 0.0 0.0 0.0 0.0 0.0 0.768 0.0 0.44 0.0 0.0 0.0 0.0 0.0 0.0 0.0 0.546 0.336 0.0 0.0 0.0 0.626 0.0 0.642 0.0 0.226 0.0 0.0 0.0 0.0 0.0 0.599 0.0 0.589 0.0 0.05 0.0 0.0 0.242 0.0 0.26 0.733 0.258 0.0 0.414 0.769 0.0 0.924 0.637 0.966 0.0 0.0 0.762 0.0 0.877 0.0 0.014 0.0 0.466 0.497 0.0 
0.0 0.906 0.931 0.0 0.127 0.097 0.526 0.0 0.0 0.514 0.312 0.0 0.0 0.0 0.629 0.85 0.0 0.526 0.177 0.469 0.726 0.0 0.0 0.937 0.0 0.703 0.319 0.0 0.0 0.937 0.751 0.0 0.924 0.209 0.0 0.0 0.036 0.0 0.0 0.502 0.0 0.135 0.0 0.0 0.872 0.0 0.274 0.51 0.0 0.0 0.0 0.0 0.433 0.187 0.663 0.0 0.876 0.363 0.0 0.0 0.342 0.965 0.0 0.086 0.374 0.0 0.344 0.583 0.778 0.668 0.107 0.0 0.0 0.555 0.0 0.016 0.451 0.23 0.0 0.01 0.937 0.0 0.316 0.0 0.0 0.787 0.623 0.0 0.336 0.0 0.824 0.0 0.287 0.0 0.0 0.0 0.646 0.0 0.0 0.572 
0.0 0.0 0.0 0.0 0.961 0.337 0.0 0.11 0.0 0.0 0.0 0.0 0.22 0.0 0.866 0.0 0.0 0.435 0.059 0.0 0.0 0.0 0.0 0.0 0.0 0.0 0.0 0.452 0.195 0.0 0.135 0.0 0.209 0.382 0.0 0.397 0.0 0.789 0.781 0.76 0.201 0.043 0.0 0.0 0.523 0.004 0.0 0.0 0.612 0.606 0.0 0.636 0.0 0.023 0.0 0.0 0.0 0.0 0.082 0.346 0.363 0.0 0.0 0.0 0.0 0.861 0.0 0.0 0.0 0.079 0.698 0.0 0.335 0.0 0.611 0.889 0.973 0.0 0.094 0.0 0.468 0.215 0.792 0.0 0.228 0.0 0.0 0.645 0.0 0.0 0.412 0.508 0.697 0.871 0.094 0.0 0.0 0.167 0.0 0.0 
0.783 0.781 0.0 0.0 0.532 0.0 0.841 0.0 0.0 0.0 0.0 0.368 0.0 0.0 0.538 0.331 0.0 0.0 0.0 0.0 0.193 0.0 0.202 0.0 0.22 0.0 0.0 0.243 0.0 0.0 0.0 0.997 0.0 0.0 0.699 0.0 0.0 0.772 0.89 0.8 0.0 0.0 0.0 0.0 0.0 0.62 0.803 0.471 0.0 0.0 0.0 0.01 0.0 0.0 0.054 0.0 0.0 0.0 0.095 0.268 0.373 0.374 0.0 0.0 0.0 0.151 0.0 0.35 0.0 0.049 0.0 0.992 0.036 0.0 0.0 0.0 0.0 0.67 0.494 0.0 0.997 0.0 0.0 0.244 0.0 0.0 0.0 0.0 0.0 0.981 0.223 0.0 0.0 0.0 0.45 0.0 0.0 0.0 0.0 0.28 
0.664 0.532 0.109 0.958 0.0 0.0 0.753 0.285 0.0 0.0 0.0 0.447 0.0 0.0 0.0 0.012 0.0 0.109 0.0 0.0 0.268 0.0 0.0 0.0 0.0 0.38 0.0 0.568 0.255 0.738 0.0 0.798 0.0 0.397 0.0 0.0 0.0 0.011 0.956 0.0 0.0 0.067 0.264 0.0 0.0 0.0 0.0 0.0 0.0 0.0 0.0 0.0 0.687 0.0 0.962 0.0 0.376 0.965 0.0 0.0 0.422 0.0 0.126 0.493 0.224 0.0 0.191 0.0 0.737 0.0 0.0 0.0 0.0 0.833 0.0 0.035 0.725 0.739 0.605 0.0 0.0 0.0 0.0 0.0 0.713 0.456 0.0 0.322 0.0 0.0 0.0 0.0 0.0 0.0 0.41 0.432 0.0 0.417 0.0 0.0 
0.805 0.887 0.0 0.0 0.0 0.496 0.0 0.0 0.177 0.458 0.0 0.384 0.583 0.0 0.65 0.271 0.0 0.0 0.0 0.0 0.0 0.466 0.56 0.666 0.0 0.231 0.911 0.222 0.0 0.819 0.0 0.0 0.036 0.0 0.0 0.0 0.0 0.0 0.0 0.0 0.163 0.974 0.951 0.0 0.0 0.9 0.16 0.0 0.0 0.0 0.582 0.491 0.0 0.0 0.0 0.0 0.0 0.0 0.0 0.0 0.0 0.537 0.345 0.0 0.012 0.0 0.421 0.0 0.0 0.098 0.591 0.129 0.838 0.463 0.0 0.0 0.081 0.0 0.379 0.0 0.762 0.0 0.961 0.0 0.122 0.0 0.948 0.0 0.0 0.0 0.0 0.0 0.0 0.043 0.0 0.0 0.804 0.0 0.0 0.0 
0.0 0.0 0.0 0.0 0.0 0.318 0.0 0.0 0.0 0.033 0.0 0.326 0.003 0.174 0.467 0.063 0.0 0.639 0.0 0.766 0.0 0.0 0.0 0.0 0.0 0.0 0.844 0.0 0.295 0.0 0.0 0.628 0.0 0.789 0.772 0.011 0.0 0.0 0.732 0.0 0.0 0.0 0.0 0.0 0.0 0.787 0.488 0.0 0.0 0.0 0.0 0.099 0.0 0.861 0.351 0.958 0.0 0.897 0.0 0.0 0.0 0.0 0.513 0.0 0.702 0.451 0.0 0.949 0.0 0.0 0.0 0.0 0.0 0.0 0.807 0.106 0.652 0.0 0.0 0.0 0.105 0.527 0.024 0.607 0.0 0.347 0.114 0.287 0.0 0.547 0.0 0.0 0.0 0.0 0.235 0.0 0.0 0.0 0.355 0.624 
0.0 0.453 0.0 0.0 0.0 0.0 0.0 0.828 0.0 0.0 0.0 0.0 0.0 0.0 0.0 0.523 0.886 0.0 0.0 0.26 0.163 0.0 0.0 0.0 0.182 0.0 0.0 0.357 0.0 0.424 0.689 0.723 0.0 0.781 0.89 0.956 0.0 0.732 0.693 0.0 0.0 0.0 0.0 0.0 0.325 0.0 0.533 0.0 0.0 0.07 0.403 0.0 0.0 0.0 0.338 0.572 0.0 0.0 0.237 0.262 0.0 0.0 0.0 0.0 0.0 0.0 0.632 0.0 0.0 0.711 0.0 0.212 0.919 0.514 0.81 0.766 0.027 0.0 0.0 0.788 0.0 0.51 0.127 0.0 0.204 0.203 0.0 0.0 0.0 0.34 0.0 0.0 0.331 0.0 0.0 0.0 0.0 0.0 0.0 0.506 
0.0 0.307 0.546 0.162 0.774 0.0 0.0 0.0 0.667 0.0 0.0 0.0 0.042 0.046 0.0 0.576 0.359 0.0 0.0 0.0 0.604 0.644 0.0 0.0 0.0 0.713 0.0 0.574 0.0 0.0 0.0 0.0 0.502 0.76 0.8 0.0 0.0 0.0 0.0 0.062 0.927 0.0 0.0 0.569 0.0 0.0 0.088 0.0 0.0 0.0 0.282 0.707 0.0 0.738 0.548 0.0 0.0 0.0 0.166 0.689 0.0 0.0 0.025 0.454 0.672 0.594 0.601 0.62 0.0 0.164 0.0 0.0 0.0 0.296 0.0 0.182 0.513 0.0 0.0 0.024 0.0 0.479 0.0 0.0 0.0 0.0 0.0 0.0 0.0 0.0 0.0 0.801 0.0 0.775 0.309 0.302 0.0 0.0 0.0 0.0 
0.0 0.553 0.433 0.0 0.0 0.0 0.0 0.0 0.0 0.0 0.235 0.224 0.044 0.0 0.862 0.0 0.0 0.0 0.0 0.0 0.366 0.043 0.37 0.374 0.991 0.578 0.697 0.0 0.0 0.287 0.553 0.0 0.0 0.201 0.0 0.0 0.163 0.0 0.0 0.927 0.0 0.0 0.0 0.595 0.0 0.678 0.0 0.0 0.55 0.979 0.0 0.706 0.0 0.791 0.267 0.0 0.0 0.0 0.433 0.815 0.279 0.0 0.0 0.0 0.0 0.0 0.107 0.0 0.0 0.0 0.821 0.451 0.044 0.0 0.712 0.348 0.0 0.64 0.0 0.067 0.902 0.0 0.0 0.0 0.01 0.0 0.975 0.0 0.86 0.669 0.0 0.346 0.0 0.796 0.0 0.0 0.0 0.0 0.309 0.0 
0.953 0.0 0.0 0.0 0.889 0.0 0.0 0.387 0.307 0.0 0.477 0.0 0.336 0.0 0.811 0.0 0.0 0.441 0.0 0.293 0.0 0.693 0.899 0.0 0.0 0.733 0.0 0.177 0.0 0.43 0.732 0.0 0.135 0.043 0.0 0.067 0.974 0.0 0.0 0.0 0.0 0.929 0.843 0.0 0.34 0.0 0.89 0.0 0.0 0.472 0.0 0.745 0.311 0.0 0.0 0.0 0.0 0.0 0.0 0.0 0.0 0.732 0.14 0.0 0.0 0.0 0.0 0.77 0.0 0.932 0.172 0.0 0.347 0.473 0.917 0.0 0.0 0.0 0.0 0.587 0.843 0.0 0.0 0.0 0.702 0.0 0.0 0.175 0.784 0.0 0.0 0.902 0.0 0.0 0.0 0.0 0.797 0.644 0.022 0.0 
0.0 0.0 0.339 0.0 0.0 0.0 0.0 0.327 0.653 0.0 0.44 0.0 0.0 0.0 0.0 0.0 0.0 0.147 0.0 0.568 0.0 0.368 0.0 0.714 0.78 0.579 0.0 0.052 0.256 0.0 0.0 0.0 0.0 0.0 0.0 0.264 0.951 0.0 0.0 0.0 0.0 0.843 0.0 0.0 0.0 0.288 0.0 0.625 0.0 0.0 0.0 0.0 0.0 0.0 0.0 0.0 0.0 0.0 0.893 0.482 0.0 0.0 0.0 0.485 0.748 0.575 0.0 0.0 0.046 0.846 0.0 0.403 0.625 0.0 0.0 0.0 0.035 0.0 0.0 0.0 0.693 0.0 0.733 0.153 0.81 0.0 0.0 0.0 0.0 0.0 0.0 0.0 0.667 0.0 0.0 0.708 0.0 0.0 0.116 0.0 
0.198 0.877 0.894 0.361 0.0 0.0 0.0 0.0 0.559 0.0 0.401 0.607 0.0 0.0 0.0 0.0 0.048 0.0 0.0 0.0 0.0 0.392 0.0 0.0 0.0 0.0 0.566 0.0 0.923 0.229 0.0 0.0 0.0 0.0 0.0 0.0 0.0 0.0 0.0 0.569 0.595 0.0 0.0 0.778 0.0 0.0 0.0 0.449 0.027 0.0 0.0 0.0 0.023 0.182 0.0 0.0 0.193 0.186 0.0 0.0 0.0 0.089 0.0 0.0 0.0 0.0 0.597 0.863 0.365 0.82 0.0 0.0 0.328 0.0 0.0 0.07 0.0 0.118 0.0 0.0 0.484 0.0 0.0 0.353 0.156 0.885 0.0 0.0 0.0 0.736 0.0 0.0 0.3 0.374 0.0 0.0 0.0 0.0 0.634 0.0 
0.0 0.018 0.0 0.504 0.514 0.0 0.0 0.0 0.551 0.0 0.0 0.107 0.658 0.0 0.854 0.124 0.0 0.0 0.394 0.0 0.0 0.0 0.698 0.0 0.0 0.0 0.573 0.0 0.0 0.184 0.0 0.0 0.872 0.523 0.0 0.0 0.0 0.0 0.325 0.0 0.0 0.34 0.0 0.0 0.175 0.0 0.0 0.0 0.0 0.0 0.868 0.0 0.0 0.0 0.7 0.0 0.234 0.0 0.167 0.0 0.0 0.0 0.247 0.267 0.478 0.0 0.423 0.0 0.0 0.0 0.61 0.738 0.0 0.0 0.058 0.634 0.0 0.955 0.0 0.443 0.0 0.0 0.0 0.257 0.0 0.0 0.0 0.783 0.034 0.156 0.0 0.725 0.0 0.0 0.236 0.084 0.0 0.0 0.384 0.0 
0.0 0.0 0.392 0.504 0.488 0.208 0.003 0.0 0.6 0.967 0.708 0.824 0.0 0.0 0.163 0.0 0.0 0.0 0.0 0.0 0.0 0.0 0.67 0.0 0.161 0.228 0.0 0.039 0.0 0.0 0.325 0.768 0.0 0.004 0.62 0.0 0.9 0.787 0.0 0.0 0.678 0.0 0.288 0.0 0.0 0.0 0.0 0.0 0.0 0.0 0.264 0.837 0.631 0.0 0.0 0.67 0.0 0.11 0.739 0.021 0.0 0.0 0.494 0.389 0.0 0.0 0.578 0.0 0.476 0.004 0.0 0.0 0.915 0.0 0.0 0.0 0.0 0.342 0.436 0.0 0.0 0.0 0.0 0.0 0.0 0.0 0.0 0.205 0.0 0.883 0.0 0.346 0.0 0.0 0.119 0.0 0.0 0.402 0.0 0.0 
0.224 0.534 0.528 0.0 0.285 0.611 0.945 0.296 0.0 0.0 0.0 0.0 0.0 0.0 0.0 0.0 0.993 0.0 0.0 0.0 0.0 0.07 0.851 0.0 0.0 0.394 0.0 0.0 0.03 0.0 0.0 0.0 0.274 0.0 0.803 0.0 0.16 0.488 0.533 0.088 0.0 0.89 0.0 0.0 0.0 0.0 0.234 0.383 0.0 0.0 0.352 0.0 0.627 0.0 0.129 0.0 0.0 0.0 0.404 0.0 0.0 0.563 0.544 0.0 0.549 0.688 0.025 0.761 0.83 0.212 0.608 0.0 0.0 0.0 0.0 0.0 0.718 0.0 0.0 0.0 0.318 0.185 0.0 0.112 0.376 0.39 0.0 0.752 0.575 0.0 0.0 0.171 0.769 0.949 0.588 0.604 0.0 0.0 0.0 0.0 
0.644 0.0 0.0 0.0 0.311 0.0 0.172 0.0 0.681 0.0 0.0 0.0 0.616 0.654 0.983 0.0 0.0 0.529 0.0 0.842 0.0 0.0 0.124 0.0 0.0 0.37 0.963 0.0 0.0 0.0 0.442 0.44 0.51 0.0 0.471 0.0 0.0 0.0 0.0 0.0 0.0 0.0 0.625 0.449 0.0 0.0 0.383 0.0 0.925 0.0 0.0 0.0 0.098 0.0 0.019 0.0 0.541 0.0 0.0 0.0 0.0 0.0 0.0 0.0 0.017 0.0 0.0 0.789 0.0 0.0 0.027 0.0 0.996 0.885 0.032 0.0 0.192 0.0 0.0 0.574 0.715 0.0 0.0 0.0 0.0 0.149 0.787 0.985 0.072 0.231 0.0 0.0 0.0 0.868 0.656 0.0 0.0 0.0 0.0 0.336 
0.0 0.904 0.0 0.0 0.0 0.0 0.831 0.0 0.843 0.2 0.189 0.0 0.0 0.141 0.0 0.0 0.0 0.0 0.0 0.0 0.0 0.35 0.0 0.0 0.0 0.0 0.0 0.0 0.0 0.984 0.0 0.0 0.0 0.612 0.0 0.0 0.0 0.0 0.0 0.0 0.55 0.0 0.0 0.027 0.0 0.0 0.0 0.925 0.601 0.0 0.0 0.593 0.236 0.302 0.0 0.0 0.333 0.0 0.0 0.0 0.0 0.0 0.0 0.0 0.0 0.0 0.91 0.289 0.0 0.71 0.0 0.223 0.0 0.75 0.0 0.0 0.0 0.077 0.333 0.474 0.0 0.0 0.0 0.388 0.102 0.38 0.0 0.0 0.0 0.0 0.0 0.0 0.807 0.674 0.0 0.0 0.77 0.0 0.0 0.61 
0.158 0.0 0.0 0.0 0.272 0.827 0.285 0.0 0.577 0.0 0.0 0.742 0.721 0.0 0.0 0.0 0.0 0.0 0.0 0.976 0.633 0.0 0.0 0.054 0.0 0.0 0.302 0.0 0.396 0.0 0.0 0.0 0.0 0.606 0.0 0.0 0.0 0.0 0.07 0.0 0.979 0.472 0.0 0.0 0.0 0.0 0.0 0.0 0.0 0.0 0.553 0.0 0.0 0.475 0.0 0.0 0.63 0.0 0.668 0.303 0.572 0.0 0.0 0.609 0.0 0.0 0.0 0.803 0.202 0.832 0.0 0.0 0.154 0.0 0.0 0.0 0.524 0.0 0.0 0.0 0.0 0.0 0.483 0.0 0.0 0.0 0.429 0.0 0.0 0.661 0.0 0.176 0.389 0.0 0.832 0.0 0.183 0.0 0.0 0.332 
0.763 0.0 0.0 0.0 0.0 0.948 0.0 0.364 0.0 0.0 0.0 0.0 0.0 0.0 0.0 0.852 0.0 0.223 0.494 0.161 0.0 0.0 0.0 0.0 0.0 0.0 0.0 0.012 0.028 0.0 0.0 0.0 0.0 0.0 0.0 0.0 0.582 0.0 0.403 0.282 0.0 0.0 0.0 0.0 0.868 0.264 0.352 0.0 0.0 0.553 0.0 0.0 0.688 0.0 0.0 0.0 0.0 0.004 0.208 0.0 0.127 0.0 0.921 0.92 0.71 0.611 0.0 0.0 0.0 0.107 0.0 0.0 0.824 0.19 0.538 0.0 0.0 0.0 0.746 0.0 0.0 0.438 0.0 0.447 0.0 0.979 0.0 0.043 0.0 0.0 0.974 0.0 0.145 0.601 0.0 0.864 0.0 0.296 0.0 0.423 
0.0 0.0 0.0 0.525 0.0 0.0 0.967 0.0 0.0 0.0 0.0 0.2 0.188 0.0 0.738 0.0 0.34 0.0 0.0 0.0 0.0 0.106 0.0 0.238 0.0 0.0 0.0 0.0 0.0 0.0 0.617 0.0 0.0 0.636 0.01 0.0 0.491 0.099 0.0 0.707 0.706 0.745 0.0 0.0 0.0 0.837 0.0 0.0 0.593 0.0 0.0 0.808 0.0 0.0 0.0 0.0 0.37 0.0 0.0 0.0 0.924 0.587 0.349 0.0 0.0 0.0 0.0 0.805 0.471 0.0 0.182 0.79 0.819 0.512 0.0 0.317 0.0 0.0 0.972 0.529 0.0 0.0 0.028 0.0 0.0 0.677 0.384 0.0 0.0 0.741 0.0 0.0 0.0 0.0 0.0 0.0 0.0 0.0 0.182 0.438 
0.285 0.0 0.529 0.467 0.906 0.836 0.0 0.648 0.0 0.0 0.74 0.855 0.0 0.0 0.0 0.926 0.846 0.385 0.0 0.0 0.955 0.258 0.0 0.0 0.0 0.0 0.19 0.093 0.0 0.0 0.006 0.0 0.433 0.0 0.0 0.687 0.0 0.0 0.0 0.0 0.0 0.311 0.0 0.023 0.0 0.631 0.627 0.098 0.236 0.0 0.688 0.0 0.0 0.31 0.07 0.87 0.0 0.584 0.328 0.0 0.232 0.0 0.115 0.345 0.0 0.131 0.735 0.0 0.0 0.043 0.742 0.0 0.0 0.0 0.0 0.012 0.0 0.0 0.0 0.046 0.0 0.504 0.0 0.0 0.434 0.944 0.0 0.0 0.189 0.749 0.0 0.0 0.811 0.0 0.262 0.0 0.0 0.0 0.0 0.0 
0.0 0.896 0.008 0.0 0.0 0.0 0.796 0.385 0.0 0.402 0.168 0.0 0.0 0.0 0.0 0.433 0.201 0.0 0.0 0.657 0.872 0.381 0.0 0.0 0.0 0.0 0.0 0.134 0.0 0.757 0.0 0.0 0.187 0.023 0.0 0.0 0.0 0.861 0.0 0.738 0.791 0.0 0.0 0.182 0.0 0.0 0.0 0.0 0.302 0.475 0.0 0.0 0.31 0.948 0.0 0.818 0.0 0.96 0.736 0.0 0.771 0.0 0.0 0.056 0.688 0.575 0.423 0.0 0.0 0.026 0.764 0.0 0.0 0.14 0.0 0.0 0.0 0.0 0.0 0.0 0.278 0.285 0.0 0.0 0.0 0.0 0.0 0.0 0.039 0.0 0.0 0.0 0.918 0.32 0.0 0.0 0.0 0.0 0.017 0.0 
0.623 0.0 0.0 0.261 0.0 0.114 0.0 0.0 0.0 0.775 0.0 0.0 0.0 0.015 0.0 0.0 0.0 0.0 0.373 0.0 0.0 0.366 0.0 0.0 0.0 0.945 0.0 0.0 0.0 0.903 0.0 0.0 0.663 0.0 0.054 0.962 0.0 0.351 0.338 0.548 0.267 0.0 0.0 0.0 0.7 0.0 0.129 0.019 0.0 0.0 0.0 0.0 0.07 0.0 0.0 0.985 0.0 0.0 0.0 0.0 0.652 0.0 0.0 0.232 0.0 0.0 0.0 0.552 0.0 0.0 0.0 0.665 0.0 0.0 0.0 0.816 0.0 0.0 0.636 0.589 0.0 0.0 0.639 0.0 0.0 0.0 0.0 0.574 0.0 0.0 0.0 0.698 0.0 0.0 0.189 0.343 0.0 0.0 0.0 0.824 
0.0 0.0 0.49 0.0 0.278 0.571 0.501 0.0 0.0 0.0 0.563 0.0 0.916 0.197 0.0 0.0 0.0 0.528 0.034 0.025 0.677 0.0 0.0 0.0 0.0 0.238 0.0 0.0 0.0 0.0 0.0 0.546 0.0 0.0 0.0 0.0 0.0 0.958 0.572 0.0 0.0 0.0 0.0 0.0 0.0 0.67 0.0 0.0 0.0 0.0 0.0 0.0 0.87 0.818 0.985 0.0 0.175 0.0 0.0 0.617 0.0 0.0 0.499 0.0 0.194 0.888 0.531 0.0 0.0 0.168 0.0 0.0 0.212 0.0 0.0 0.074 0.0 0.0 0.0 0.0 0.483 0.979 0.0 0.0 0.544 0.0 0.619 0.359 0.478 0.0 0.477 0.0 0.0 0.513 0.0 0.799 0.0 0.393 0.0 0.0 
0.847 0.83 0.0 0.541 0.727 0.688 0.0 0.0 0.0 0.0 0.134 0.667 0.121 0.0 0.0 0.443 0.0 0.212 0.0 0.877 0.0 0.0 0.0 0.0 0.0 0.0 0.58 0.738 0.0 0.902 0.0 0.336 0.876 0.0 0.0 0.376 0.0 0.0 0.0 0.0 0.0 0.0 0.0 0.193 0.234 0.0 0.0 0.541 0.333 0.63 0.0 0.37 0.0 0.0 0.0 0.175 0.571 0.0 0.005 0.164 0.0 0.077 0.0 0.311 0.271 0.0 0.0 0.996 0.0 0.826 0.0 0.0 0.0 0.0 0.0 0.734 0.967 0.0 0.0 0.0 0.0 0.0 0.679 0.0 0.0 0.0 0.44 0.0 0.317 0.0 0.0 0.0 0.482 0.36 0.786 0.0 0.0 0.0 0.0 0.382 
0.0 0.0 0.0 0.0 0.0 0.211 0.0 0.284 0.0 0.0 0.0 0.0 0.0 0.0 0.0 0.0 0.0 0.0 0.481 0.128 0.0 0.905 0.051 0.351 0.0 0.0 0.0 0.0 0.0 0.292 0.0 0.0 0.363 0.0 0.0 0.965 0.0 0.897 0.0 0.0 0.0 0.0 0.0 0.186 0.0 0.11 0.0 0.0 0.0 0.0 0.004 0.0 0.584 0.96 0.0 0.0 0.0 0.0 0.021 0.0 0.0 0.354 0.0 0.0 0.393 0.0 0.0 0.679 0.909 0.0 0.0 0.0 0.0 0.0 0.551 0.364 0.0 0.0 0.0 0.459 0.0 0.0 0.574 0.037 0.0 0.432 0.331 0.548 0.0 0.528 0.0 0.98 0.0 0.648 0.739 0.551 0.876 0.0 0.0 0.0 
0.0 0.678 0.0 0.0 0.698 0.0 0.0 0.0 0.018 0.0 0.0 0.339 0.0 0.0 0.0 0.0 0.0 0.0 0.0 0.266 0.0 0.243 0.514 0.0 0.0 0.67 0.0 0.0 0.495 0.884 0.0 0.0 0.0 0.082 0.095 0.0 0.0 0.0 0.237 0.166 0.433 0.0 0.893 0.0 0.167 0.739 0.404 0.0 0.0 0.668 0.208 0.0 0.328 0.736 0.0 0.0 0.005 0.021 0.271 0.0 0.053 0.36 0.0 0.333 0.0 0.948 0.0 0.864 0.475 0.299 0.5 0.0 0.0 0.0 0.0 0.0 0.962 0.3 0.0 0.118 0.0 0.0 0.365 0.0 0.0 0.0 0.0 0.0 0.239 0.0 0.775 0.524 0.0 0.765 0.0 0.0 0.0 0.854 0.0 0.0 
0.762 0.657 0.518 0.0 0.575 0.0 0.462 0.0 0.0 0.0 0.415 0.0 0.0 0.0 0.0 0.0 0.0 0.21 0.0 0.043 0.572 0.438 0.327 0.854 0.913 0.0 0.0 0.0 0.0 0.196 0.036 0.0 0.0 0.346 0.268 0.0 0.0 0.0 0.262 0.689 0.815 0.0 0.482 0.0 0.0 0.021 0.0 0.0 0.0 0.303 0.0 0.0 0.0 0.0 0.0 0.617 0.164 0.0 0.0 0.0 0.0 0.0 0.0 0.0 0.852 0.386 0.0 0.537 0.81 0.0 0.0 0.105 0.0 0.0 0.815 0.723 0.0 0.0 0.0 0.0 0.727 0.703 0.847 0.0 0.127 0.0 0.0 0.0 0.0 0.31 0.977 0.0 0.0 0.0 0.0 0.0 0.316 0.0 0.0 0.0 
0.0 0.0 0.141 0.01 0.426 0.817 0.0 0.0 0.0 0.0 0.0 0.0 0.0 0.0 0.0 0.474 0.172 0.0 0.0 0.0 0.0 0.328 0.0 0.287 0.625 0.0 0.0 0.0 0.0 0.0 0.0 0.626 0.342 0.363 0.373 0.422 0.0 0.0 0.0 0.0 0.279 0.0 0.0 0.0 0.0 0.0 0.0 0.0 0.0 0.572 0.127 0.924 0.232 0.771 0.652 0.0 0.0 0.0 0.053 0.0 0.0 0.552 0.703 0.0 0.0 0.0 0.0 0.238 0.624 0.0 0.644 0.0 0.0 0.196 0.0 0.0 0.28 0.0 0.638 0.0 0.0 0.781 0.0 0.213 0.0 0.0 0.215 0.0 0.0 0.0 0.0 0.0 0.0 0.0 0.6 0.0 0.0 0.0 0.0 0.458 
0.0 0.0 0.0 0.0 0.411 0.0 0.0 0.0 0.0 0.0 0.0 0.51 0.0 0.212 0.0 0.0 0.309 0.0 0.039 0.0 0.242 0.0 0.0 0.0 0.0 0.0 0.204 0.0 0.0 0.149 0.0 0.0 0.965 0.0 0.374 0.0 0.537 0.0 0.0 0.0 0.0 0.732 0.0 0.089 0.0 0.0 0.563 0.0 0.0 0.0 0.0 0.587 0.0 0.0 0.0 0.0 0.077 0.354 0.36 0.0 0.552 0.785 0.194 0.782 0.0 0.0 0.0 0.0 0.0 0.009 0.0 0.308 0.655 0.0 0.411 0.0 0.0 0.0 0.292 0.0 0.0 0.0 0.636 0.0 0.0 0.0 0.0 0.0 0.084 0.607 0.52 0.28 0.0 0.0 0.528 0.0 0.0 0.01 0.0 0.643 
0.0 0.827 0.507 0.0 0.208 0.0 0.0 0.0 0.0 0.0 0.0 0.0 0.83 0.0 0.0 0.0 0.0 0.0 0.844 0.0 0.0 0.0 0.0 0.0 0.0 0.297 0.912 0.875 0.0 0.0 0.0 0.642 0.0 0.0 0.0 0.126 0.345 0.513 0.0 0.025 0.0 0.14 0.0 0.0 0.247 0.494 0.544 0.0 0.0 0.0 0.921 0.349 0.115 0.0 0.0 0.499 0.0 0.0 0.0 0.0 0.703 0.194 0.0 0.0 0.196 0.0 0.0 0.125 0.328 0.0 0.0 0.0 0.0 0.463 0.0 0.0 0.02 0.0 0.0 0.271 0.0 0.822 0.711 0.0 0.122 0.0 0.94 0.357 0.0 0.531 0.0 0.982 0.0 0.0 0.603 0.0 0.0 0.539 0.642 0.315 
0.673 0.0 0.379 0.416 0.506 0.254 0.0 0.0 0.143 0.0 0.0 0.121 0.0 0.0 0.0 0.0 0.986 0.408 0.413 0.0 0.0 0.917 0.0 0.0 0.0 0.0 0.0 0.726 0.0 0.0 0.0 0.0 0.086 0.0 0.0 0.493 0.0 0.0 0.0 0.454 0.0 0.0 0.485 0.0 0.267 0.389 0.0 0.0 0.0 0.609 0.92 0.0 0.345 0.056 0.232 0.0 0.311 0.0 0.333 0.0 0.0 0.782 0.0 0.0 0.0 0.0 0.0 0.4 0.373 0.0 0.0 0.0 0.0 0.0 0.0 0.034 0.777 0.755 0.0 0.758 0.65 0.962 0.509 0.324 0.054 0.769 0.726 0.0 0.641 0.0 0.0 0.026 0.456 0.0 0.0 0.0 0.0 0.0 0.479 0.452 
0.0 0.605 0.0 0.0 0.0 0.94 0.109 0.325 0.749 0.0 0.098 0.0 0.0 0.0 0.0 0.666 0.0 0.0 0.0 0.0 0.437 0.0 0.0 0.0 0.0 0.0 0.0 0.0 0.992 0.974 0.642 0.226 0.374 0.0 0.0 0.224 0.012 0.702 0.0 0.672 0.0 0.0 0.748 0.0 0.478 0.0 0.549 0.017 0.0 0.0 0.71 0.0 0.0 0.688 0.0 0.194 0.271 0.393 0.0 0.852 0.0 0.0 0.196 0.0 0.0 0.544 0.0 0.0 0.427 0.233 0.574 0.004 0.401 0.0 0.0 0.917 0.0 0.609 0.945 0.0 0.0 0.0 0.725 0.0 0.0 0.0 0.0 0.0 0.888 0.0 0.0 0.962 0.133 0.745 0.0 0.0 0.321 0.212 0.532 0.0 
0.0 0.718 0.0 0.375 0.0 0.0 0.0 0.0 0.0 0.577 0.389 0.0 0.677 0.0 0.066 0.0 0.0 0.861 0.0 0.516 0.116 0.0 0.197 0.0 0.777 0.0 0.0 0.0 0.0 0.0 0.0 0.0 0.0 0.861 0.151 0.0 0.0 0.451 0.0 0.594 0.0 0.0 0.575 0.0 0.0 0.0 0.688 0.0 0.0 0.0 0.611 0.0 0.131 0.575 0.0 0.888 0.0 0.0 0.948 0.386 0.0 0.0 0.0 0.0 0.544 0.0 0.401 0.867 0.0 0.0 0.0 0.531 0.0 0.0 0.394 0.885 0.152 0.964 0.0 0.0 0.0 0.593 0.0 0.0 0.305 0.0 0.543 0.0 0.0 0.0 0.0 0.959 0.0 0.0 0.0 0.0 0.819 0.264 0.0 0.0 
0.0 0.0 0.0 0.353 0.0 0.559 0.175 0.395 0.0 0.0 0.582 0.88 0.0 0.859 0.0 0.0 0.277 0.993 0.0 0.0 0.0 0.966 0.0 0.0 0.0 0.207 0.0 0.0 0.0 0.019 0.57 0.0 0.344 0.0 0.0 0.191 0.421 0.0 0.632 0.601 0.107 0.0 0.0 0.597 0.423 0.578 0.025 0.0 0.91 0.0 0.0 0.0 0.735 0.423 0.0 0.531 0.0 0.0 0.0 0.0 0.0 0.0 0.0 0.0 0.0 0.401 0.8 0.0 0.929 0.0 0.0 0.0 0.0 0.602 0.073 0.0 0.421 0.0 0.0 0.842 0.0 0.0 0.0 0.0 0.0 0.0 0.0 0.877 0.0 0.0 0.0 0.058 0.0 0.0 0.0 0.0 0.589 0.557 0.0 0.0 
0.326 0.427 0.039 0.115 0.675 0.0 0.0 0.0 0.62 0.0 0.535 0.751 0.666 0.0 0.0 0.941 0.0 0.0 0.0 0.0 0.233 0.396 0.0 0.528 0.0 0.787 0.403 0.789 0.0 0.0 0.0 0.0 0.583 0.0 0.35 0.0 0.0 0.949 0.0 0.62 0.0 0.77 0.0 0.863 0.0 0.0 0.761 0.789 0.289 0.803 0.0 0.805 0.0 0.0 0.552 0.0 0.996 0.679 0.864 0.537 0.238 0.0 0.125 0.4 0.0 0.867 0.0 0.29 0.0 0.084 0.911 0.0 0.0 0.06 0.0 0.121 0.0 0.639 0.0 0.0 0.0 0.0 0.342 0.0 0.972 0.84 0.0 0.805 0.09 0.738 0.0 0.813 0.528 0.0 0.591 0.0 0.0 0.196 0.0 0.0 
0.061 0.0 0.0 0.0 0.0 0.263 0.49 0.0 0.0 0.0 0.0 0.0 0.683 0.0 0.95 0.114 0.178 0.0 0.0 0.165 0.665 0.0 0.0 0.466 0.0 0.0 0.265 0.0 0.0 0.0 0.608 0.0 0.778 0.0 0.0 0.737 0.0 0.0 0.0 0.0 0.0 0.0 0.046 0.365 0.0 0.476 0.83 0.0 0.0 0.202 0.0 0.471 0.0 0.0 0.0 0.0 0.0 0.909 0.475 0.81 0.624 0.0 0.328 0.373 0.427 0.0 0.929 0.0 0.0 0.0 0.0 0.454 0.0 0.098 0.0 0.0 0.798 0.0 0.7 0.0 0.0 0.012 0.0 0.0 0.813 0.352 0.0 0.0 0.0 0.0 0.0 0.639 0.712 0.0 0.0 0.0 0.0 0.0 0.0 0.28 
0.0 0.0 0.0 0.0 0.939 0.577 0.452 0.013 0.96 0.0 0.0 0.0 0.0 0.0 0.0 0.0 0.005 0.0 0.603 0.0 0.0 0.0 0.0 0.008 0.0 0.0 0.0 0.0 0.0 0.0 0.0 0.0 0.668 0.079 0.049 0.0 0.098 0.0 0.711 0.164 0.0 0.932 0.846 0.82 0.0 0.004 0.212 0.0 0.71 0.832 0.107 0.0 0.043 0.026 0.0 0.168 0.826 0.0 0.299 0.0 0.0 0.009 0.0 0.0 0.233 0.0 0.0 0.084 0.0 0.0 0.218 0.7 0.0 0.0 0.788 0.75 0.893 0.0 0.0 0.63 0.0 0.131 0.0 0.0 0.0 0.939 0.128 0.0 0.0 0.168 0.003 0.0 0.0 0.0 0.0 0.0 0.0 0.0 0.226 0.0 
0.239 0.0 0.0 0.0 0.582 0.0 0.301 0.0 0.693 0.0 0.777 0.0 0.71 0.0 0.882 0.0 0.0 0.0 0.0 0.046 0.0 0.0 0.0 0.0 0.586 0.0 0.895 0.0 0.0 0.573 0.354 0.599 0.107 0.698 0.0 0.0 0.591 0.0 0.0 0.0 0.821 0.172 0.0 0.0 0.61 0.0 0.608 0.027 0.0 0.0 0.0 0.182 0.742 0.764 0.0 0.0 0.0 0.0 0.5 0.0 0.644 0.0 0.0 0.0 0.574 0.0 0.0 0.911 0.0 0.218 0.0 0.0 0.0 0.0 0.0 0.0 0.0 0.0 0.0 0.0 0.0 0.799 0.0 0.424 0.0 0.0 0.0 0.0 0.0 0.0 0.877 0.0 0.0 0.136 0.755 0.992 0.0 0.0 0.0 0.845 
0.0 0.0 0.973 0.0 0.0 0.0 0.597 0.0 0.267 0.0 0.997 0.523 0.0 0.223 0.437 0.767 0.0 0.261 0.0 0.272 0.9 0.722 0.0 0.417 0.0 0.0 0.0 0.0 0.0 0.569 0.036 0.0 0.0 0.0 0.992 0.0 0.129 0.0 0.212 0.0 0.451 0.0 0.403 0.0 0.738 0.0 0.0 0.0 0.223 0.0 0.0 0.79 0.0 0.0 0.665 0.0 0.0 0.0 0.0 0.105 0.0 0.308 0.0 0.0 0.004 0.531 0.0 0.0 0.454 0.7 0.0 0.0 0.0 0.0 0.0 0.0 0.0 0.92 0.957 0.768 0.0 0.0 0.0 0.0 0.354 0.0 0.0 0.0 0.545 0.573 0.764 0.592 0.26 0.0 0.0 0.0 0.655 0.0 0.0 0.0 
0.867 0.0 0.0 0.414 0.377 0.862 0.116 0.0 0.0 0.0 0.0 0.956 0.007 0.0 0.08 0.0 0.0 0.0 0.0 0.0 0.0 0.571 0.0 0.0 0.0 0.347 0.254 0.293 0.475 0.678 0.0 0.589 0.0 0.335 0.036 0.0 0.838 0.0 0.919 0.0 0.044 0.347 0.625 0.328 0.0 0.915 0.0 0.996 0.0 0.154 0.824 0.819 0.0 0.0 0.0 0.212 0.0 0.0 0.0 0.0 0.0 0.655 0.0 0.0 0.401 0.0 0.0 0.0 0.0 0.0 0.0 0.0 0.185 0.857 0.0 0.0 0.749 0.0 0.0 0.0 0.0 0.89 0.0 0.0 0.0 0.0 0.017 0.544 0.416 0.0 0.0 0.0 0.941 0.077 0.0 0.0 0.0 0.0 0.0 0.0 
0.0 0.58 0.0 0.0 0.0 0.0 0.0 0.268 0.0 0.0 0.0 0.0 0.074 0.0 0.0 0.0 0.0 0.601 0.246 0.0 0.0 0.617 0.0 0.577 0.0 0.0 0.0 0.0 0.0 0.0 0.0 0.0 0.555 0.0 0.0 0.833 0.463 0.0 0.514 0.296 0.0 0.473 0.0 0.0 0.0 0.0 0.0 0.885 0.75 0.0 0.19 0.512 0.0 0.14 0.0 0.0 0.0 0.0 0.0 0.0 0.196 0.0 0.463 0.0 0.0 0.0 0.602 0.06 0.098 0.0 0.0 0.0 0.857 0.0 0.0 0.828 0.919 0.933 0.0 0.482 0.942 0.935 0.0 0.0 0.0 0.535 0.48 0.0 0.0 0.0 0.837 0.0 0.0 0.214 0.55 0.297 0.0 0.16 0.0 0.0 
0.637 0.0 0.187 0.0 0.0 0.0 0.459 0.678 0.0 0.0 0.401 0.0 0.952 0.422 0.292 0.127 0.0 0.0 0.985 0.0 0.813 0.0 0.72 0.0 0.698 0.0 0.458 0.763 0.0 0.0 0.135 0.05 0.0 0.611 0.0 0.0 0.0 0.807 0.81 0.0 0.712 0.917 0.0 0.0 0.058 0.0 0.0 0.032 0.0 0.0 0.538 0.0 0.0 0.0 0.0 0.0 0.0 0.551 0.0 0.815 0.0 0.411 0.0 0.0 0.0 0.394 0.073 0.0 0.0 0.788 0.0 0.0 0.0 0.0 0.806 0.0 0.217 0.869 0.05 0.0 0.859 0.0 0.145 0.0 0.93 0.562 0.118 0.029 0.0 0.686 0.0 0.326 0.0 0.0 0.0 0.0 0.153 0.318 0.0 0.0 
0.0 0.645 0.867 0.0 0.984 0.0 0.0 0.777 0.0 0.0 0.0 0.0 0.0 0.0 0.0 0.0 0.0 0.438 0.646 0.975 0.075 0.0 0.0 0.385 0.095 0.203 0.0 0.0 0.696 0.0 0.0 0.0 0.016 0.889 0.0 0.035 0.0 0.106 0.766 0.182 0.348 0.0 0.0 0.07 0.634 0.0 0.0 0.0 0.0 0.0 0.0 0.317 0.012 0.0 0.816 0.074 0.734 0.364 0.0 0.723 0.0 0.0 0.0 0.034 0.917 0.885 0.0 0.121 0.0 0.75 0.0 0.0 0.0 0.828 0.0 0.297 0.0 0.0 0.0 0.0 0.0 0.0 0.522 0.0 0.0 0.036 0.0 0.0 0.0 0.0 0.677 0.028 0.0 0.0 0.567 0.0 0.062 0.345 0.0 0.0 
0.416 0.67 0.881 0.741 0.0 0.0 0.218 0.0 0.843 0.0 0.0 0.628 0.0 0.0 0.518 0.051 0.0 0.0 0.0 0.0 0.032 0.0 0.0 0.353 0.0 0.0 0.54 0.134 0.835 0.0 0.0 0.0 0.451 0.973 0.0 0.725 0.081 0.652 0.027 0.513 0.0 0.0 0.035 0.0 0.0 0.0 0.718 0.192 0.0 0.524 0.0 0.0 0.0 0.0 0.0 0.0 0.967 0.0 0.962 0.0 0.28 0.0 0.02 0.777 0.0 0.152 0.421 0.0 0.798 0.893 0.0 0.0 0.749 0.919 0.217 0.0 0.154 0.0 0.0 0.663 0.903 0.61 0.0 0.0 0.936 0.649 0.0 0.229 0.0 0.0 0.0 0.0 0.0 0.0 0.686 0.43 0.585 0.0 0.607 0.234 
0.0 0.0 0.0 0.986 0.0 0.0 0.661 0.0 0.0 0.0 0.0 0.494 0.755 0.285 0.0 0.856 0.0 0.549 0.0 0.0 0.553 0.654 0.051 0.0 0.0 0.886 0.0 0.0 0.0 0.0 0.435 0.242 0.23 0.0 0.67 0.739 0.0 0.0 0.0 0.0 0.64 0.0 0.0 0.118 0.955 0.342 0.0 0.0 0.077 0.0 0.0 0.0 0.0 0.0 0.0 0.0 0.0 0.0 0.3 0.0 0.0 0.0 0.0 0.755 0.609 0.964 0.0 0.639 0.0 0.0 0.0 0.92 0.0 0.933 0.869 0.0 0.0 0.655 0.416 0.435 0.0 0.0 0.0 0.073 0.0 0.201 0.0 0.0 0.631 0.0 0.0 0.491 0.0 0.0 0.0 0.0 0.809 0.847 0.026 0.0 
0.393 0.87 0.0 0.025 0.0 0.0 0.0 0.476 0.283 0.0 0.0 0.0 0.918 0.581 0.17 0.101 0.061 0.0 0.132 0.646 0.0 0.834 0.0 0.973 0.196 0.0 0.0 0.0 0.0 0.0 0.0 0.0 0.0 0.094 0.494 0.605 0.379 0.0 0.0 0.0 0.0 0.0 0.0 0.0 0.0 0.436 0.0 0.0 0.333 0.0 0.746 0.972 0.0 0.0 0.636 0.0 0.0 0.0 0.0 0.0 0.638 0.292 0.0 0.0 0.945 0.0 0.0 0.0 0.7 0.0 0.0 0.957 0.0 0.0 0.05 0.0 0.0 0.416 0.0 0.0 0.422 0.0 0.338 0.0 0.0 0.0 0.0 0.0 0.0 0.0 0.954 0.0 0.0 0.23 0.013 0.0 0.0 0.526 0.343 0.0 
0.816 0.513 0.745 0.688 0.0 0.0 0.0 0.0 0.0 0.0 0.0 0.0 0.0 0.198 0.0 0.0 0.853 0.0 0.0 0.0 0.0 0.0 0.0 0.0 0.094 0.0 0.494 0.0 0.0 0.774 0.816 0.26 0.01 0.0 0.0 0.0 0.0 0.0 0.788 0.024 0.067 0.587 0.0 0.0 0.443 0.0 0.0 0.574 0.474 0.0 0.0 0.529 0.046 0.0 0.589 0.0 0.0 0.459 0.118 0.0 0.0 0.0 0.271 0.758 0.0 0.0 0.842 0.0 0.0 0.63 0.0 0.768 0.0 0.482 0.0 0.0 0.663 0.435 0.0 0.0 0.39 0.0 0.0 0.0 0.0 0.0 0.0 0.0 0.0 0.0 0.434 0.0 0.762 0.0 0.607 0.0 0.966 0.0 0.0 0.0 
0.0 0.0 0.0 0.0 0.0 0.259 0.0 0.0 0.049 0.059 0.0 0.0 0.334 0.888 0.0 0.874 0.0 0.0 0.143 0.0 0.0 0.077 0.0 0.282 0.0 0.0 0.0 0.0 0.0 0.679 0.486 0.733 0.937 0.468 0.997 0.0 0.762 0.105 0.0 0.0 0.902 0.843 0.693 0.484 0.0 0.0 0.318 0.715 0.0 0.0 0.0 0.0 0.0 0.278 0.0 0.483 0.0 0.0 0.0 0.727 0.0 0.0 0.0 0.65 0.0 0.0 0.0 0.0 0.0 0.0 0.0 0.0 0.0 0.942 0.859 0.0 0.903 0.0 0.422 0.39 0.16 0.307 0.0 0.873 0.908 0.827 0.0 0.0 0.0 0.084 0.169 0.512 0.0 0.0 0.0 0.0 0.0 0.0 0.0 0.15 
0.181 0.0 0.0 0.672 0.065 0.22 0.665 0.992 0.0 0.744 0.0 0.0 0.0 0.08 0.0 0.0 0.413 0.098 0.0 0.328 0.106 0.0 0.0 0.0 0.0 0.0 0.0 0.99 0.958 0.109 0.0 0.258 0.0 0.215 0.0 0.0 0.0 0.527 0.51 0.479 0.0 0.0 0.0 0.0 0.0 0.0 0.185 0.0 0.0 0.0 0.438 0.0 0.504 0.285 0.0 0.979 0.0 0.0 0.0 0.703 0.781 0.0 0.822 0.962 0.0 0.593 0.0 0.0 0.012 0.131 0.799 0.0 0.89 0.935 0.0 0.0 0.61 0.0 0.0 0.0 0.307 0.268 0.0 0.0 0.0 0.0 0.0 0.733 0.0 0.549 0.055 0.0 0.0 0.0 0.0 0.0 0.28 0.0 0.156 0.611 
0.0 0.272 0.0 0.159 0.036 0.195 0.0 0.0 0.025 0.0 0.276 0.0 0.0 0.0 0.0 0.197 0.368 0.0 0.464 0.0 0.0 0.945 0.81 0.0 0.461 0.719 0.221 0.0 0.0 0.0 0.0 0.0 0.316 0.792 0.0 0.0 0.961 0.024 0.127 0.0 0.0 0.0 0.733 0.0 0.0 0.0 0.0 0.0 0.0 0.483 0.0 0.028 0.0 0.0 0.639 0.0 0.679 0.574 0.365 0.847 0.0 0.636 0.711 0.509 0.725 0.0 0.0 0.342 0.0 0.0 0.0 0.0 0.0 0.0 0.145 0.522 0.0 0.0 0.338 0.0 0.0 0.0 0.0 0.998 0.0 0.0 0.0 0.0 0.66 0.0 0.0 0.0 0.0 0.799 0.0 0.98 0.481 0.0 0.114 0.657 
