50
0.0 0.0 0.0 0.0 0.0 0.0 0.765 0.0 0.231 0.0 0.0 0.56 0.63 0.91 0.0 0.0 0.0 0.0 0.0 0.675 0.0 0.0 0.0 0.188 0.0 0.024 0.716 0.0 0.0 0.0 0.998 0.0 0.271 0.035 0.0 0.0 0.955 0.051 0.293 0.0 0.91 0.0 0.0 0.726 0.648 0.0 0.859 0.35 0.364 0.015 
0.0 0.844 0.838 0.455 0.71 0.327 0.0 0.0 0.0 0.0 0.784 0.0 0.152 0.0 0.093 0.0 0.348 0.634 0.0 0.327 0.129 0.0 0.146 0.0 0.0 0.09 0.0 0.479 0.0 0.0 0.05 0.0 0.0 0.199 0.0 0.0 0.935 0.128 0.038 0.0 0.0 0.0 0.0 0.239 0.085 0.0 0.0 0.0 0.228 0.313 
0.0 0.838 0.664 0.704 0.0 0.158 0.657 0.588 0.0 0.731 0.0 0.0 0.8 0.0 0.0 0.0 0.431 0.0 0.0 0.0 0.0 0.0 0.112 0.358 0.0 0.0 0.701 0.0 0.979 0.0 0.778 0.0 0.063 0.0 0.0 0.0 0.315 0.671 0.0 0.0 0.0 0.478 0.0 0.0 0.0 0.0 0.821 0.0 0.0 0.109 
0.0 0.455 0.704 0.0 0.0 0.393 0.0 0.0 0.0 0.0 0.966 0.0 0.0 0.0 0.0 0.0 0.0 0.317 0.0 0.0 0.0 0.38 0.0 0.0 0.209 0.208 0.0 0.414 0.0 0.0 0.428 0.403 0.0 0.0 0.0 0.0 0.0 0.0 0.771 0.126 0.0 0.0 0.0 0.598 0.0 0.0 0.0 0.0 0.0 0.715 
0.0 0.71 0.0 0.0 0.257 0.631 0.0 0.817 0.0 0.0 0.359 0.0 0.348 0.0 0.324 0.326 0.657 0.0 0.971 0.173 0.0 0.0 0.0 0.553 0.172 0.0 0.406 0.0 0.734 0.358 0.0 0.0 0.752 0.949 0.0 0.397 0.0 0.15 0.0 0.0 0.0 0.881 0.0 0.0 0.438 0.0 0.0 0.0 0.0 0.0 
0.0 0.327 0.158 0.393 0.631 0.0 0.0 0.0 0.0 0.0 0.0 0.0 0.239 0.753 0.458 0.805 0.966 0.627 0.0 0.0 0.755 0.681 0.0 0.0 0.906 0.831 0.0 0.0 0.0 0.045 0.236 0.083 0.0 0.0 0.132 0.019 0.0 0.0 0.0 0.0 0.0 0.735 0.87 0.0 0.0 0.991 0.0 0.0 0.0 0.664 
0.765 0.0 0.657 0.0 0.0 0.0 0.491 0.0 0.0 0.0 0.0 0.0 0.465 0.924 0.018 0.099 0.074 0.0 0.0 0.0 0.476 0.0 0.0 0.171 0.0 0.766 0.0 0.0 0.0 0.0 0.626 0.972 0.202 0.353 0.411 0.0 0.533 0.975 0.0 0.0 0.0 0.0 0.483 0.0 0.969 0.0 0.0 0.0 0.0 0.0 
0.0 0.0 0.588 0.0 0.817 0.0 0.0 0.0 0.0 0.0 0.0 0.0 0.0 0.0 0.776 0.0 0.0 0.0 0.0 0.902 0.0 0.496 0.733 0.0 0.0 0.0 0.0 0.963 0.0 0.037 0.715 0.811 0.0 0.0 0.791 0.0 0.0 0.0 0.0 0.0 0.0 0.0 0.0 0.0 0.0 0.719 0.0 0.0 0.781 0.0 
0.231 0.0 0.0 0.0 0.0 0.0 0.0 0.0 0.701 0.264 0.866 0.418 0.0 0.0 0.822 0.0 0.0 0.0 0.749 0.0 0.906 0.0 0.0 0.955 0.921 0.0 0.611 0.0 0.617 0.0 0.0 0.643 0.0 0.0 0.059 0.0 0.94 0.045 0.0 0.0 0.04 0.749 0.998 0.0 0.0 0.709 0.0 0.0 0.0 0.887 
0.0 0.0 0.731 0.0 0.0 0.0 0.0 0.0 0.264 0.328 0.0 0.0 0.339 0.0 0.0 0.643 0.0 0.0 0.084 0.0 0.519 0.0 0.0 0.0 0.0 0.255 0.0 0.0 0.0 0.12 0.0 0.0 0.0 0.0 0.831 0.0 0.402 0.365 0.237 0.009 0.0 0.0 0.0 0.0 0.0 0.492 0.388 0.0 0.2 0.0 
0.0 0.784 0.0 0.966 0.359 0.0 0.0 0.0 0.866 0.0 0.694 0.0 0.205 0.0 0.318 0.0 0.708 0.747 0.0 0.0 0.0 0.653 0.347 0.0 0.0 0.0 0.342 0.422 0.173 0.0 0.0 0.0 0.39 0.0 0.0 0.0 0.963 0.342 0.0 0.0 0.0 0.0 0.688 0.0 0.0 0.0 0.0 0.0 0.0 0.784 
0.56 0.0 0.0 0.0 0.0 0.0 0.0 0.0 0.418 0.0 0.0 0.0 0.0 0.932 0.0 0.859 0.657 0.154 0.737 0.0 0.0 0.0 0.0 0.316 0.689 0.0 0.156 0.748 0.0 0.503 0.0 0.0 0.0 0.0 0.0 0.0 0.0 0.0 0.0 0.656 0.0 0.0 0.0 0.558 0.209 0.0 0.0 0.424 0.0 0.0 
0.63 0.152 0.8 0.0 0.348 0.239 0.465 0.0 0.0 0.339 0.205 0.0 0.0 0.478 0.249 0.0 0.0 0.0 0.698 0.0 0.0 0.0 0.661 0.0 0.0 0.0 0.0 0.8 0.313 0.801 0.515 0.422 0.0 0.0 0.0 0.144 0.67 0.0 0.302 0.0 0.0 0.379 0.174 0.31 0.824 0.0 0.242 0.0 0.0 0.653 
0.91 0.0 0.0 0.0 0.0 0.753 0.924 0.0 0.0 0.0 0.0 0.932 0.478 0.607 0.0 0.0 0.942 0.988 0.445 0.0 0.999 0.667 0.0 0.0 0.0 0.041 0.0 0.0 0.015 0.0 0.0 0.0 0.0 0.084 0.0 0.0 0.0 0.81 0.0 0.0 0.167 0.779 0.806 0.0 0.647 0.0 0.27 0.821 0.0 0.699 
0.0 0.093 0.0 0.0 0.324 0.458 0.018 0.776 0.822 0.0 0.318 0.0 0.249 0.0 0.0 0.0 0.0 0.467 0.0 0.0 0.0 0.156 0.0 0.0 0.0 0.833 0.908 0.674 0.0 0.0 0.014 0.139 0.0 0.0 0.478 0.146 0.133 0.0 0.0 0.173 0.0 0.981 0.0 0.0 0.0 0.931 0.0 0.402 0.77 0.271 
0.0 0.0 0.0 0.0 0.326 0.805 0.099 0.0 0.0 0.643 0.0 0.859 0.0 0.0 0.0 0.0 0.0 0.0 0.652 0.0 0.0 0.0 0.0 0.179 0.0 0.0 0.0 0.0 0.0 0.0 0.891 0.0 0.0 0.0 0.0 0.0 0.137 0.0 0.0 0.0 0.0 0.0 0.0 0.0 0.27 0.736 0.0 0.943 0.68 0.0 
0.0 0.348 0.431 0.0 0.657 0.966 0.074 0.0 0.0 0.0 0.708 0.657 0.0 0.942 0.0 0.0 0.0 0.0 0.0 0.0 0.0 0.332 0.57 0.0 0.716 0.315 0.422 0.088 0.004 0.0 0.0 0.027 0.0 0.0 0.206 0.0 0.0 0.833 0.0 0.057 0.91 0.0 0.703 0.0 0.0 0.0 0.459 0.0 0.245 0.0 
0.0 0.634 0.0 0.317 0.0 0.627 0.0 0.0 0.0 0.0 0.747 0.154 0.0 0.988 0.467 0.0 0.0 0.0 0.0 0.0 0.0 0.0 0.0 0.143 0.0 0.71 0.0 0.0 0.657 0.0 0.381 0.0 0.0 0.0 0.608 0.0 0.875 0.0 0.0 0.684 0.714 0.0 0.03 0.0 0.0 0.977 0.377 0.0 0.0 0.159 
0.0 0.0 0.0 0.0 0.971 0.0 0.0 0.0 0.749 0.084 0.0 0.737 0.698 0.445 0.0 0.652 0.0 0.0 0.0 0.021 0.0 0.0 0.536 0.924 0.0 0.0 0.0 0.0 0.0 0.0 0.0 0.0 0.0 0.0 0.0 0.248 0.0 0.015 0.0 0.031 0.0 0.303 0.0 0.453 0.164 0.166 0.719 0.239 0.0 0.0 
0.675 0.327 0.0 0.0 0.173 0.0 0.0 0.902 0.0 0.0 0.0 0.0 0.0 0.0 0.0 0.0 0.0 0.0 0.021 0.178 0.0 0.22 0.128 0.0 0.0 0.0 0.239 0.0 0.0 0.0 0.0 0.0 0.0 0.0 0.0 0.433 0.883 0.0 0.236 0.255 0.807 0.582 0.75 0.0 0.0 0.0 0.0 0.0 0.229 0.0 
0.0 0.129 0.0 0.0 0.0 0.755 0.476 0.0 0.906 0.519 0.0 0.0 0.0 0.999 0.0 0.0 0.0 0.0 0.0 0.0 0.0 0.0 0.0 0.0 0.0 0.453 0.0 0.804 0.754 0.382 0.0 0.129 0.0 0.0 0.0 0.491 0.631 0.0 0.58 0.087 0.0 0.757 0.0 0.0 0.055 0.85 0.0 0.785 0.0 0.0 
0.0 0.0 0.0 0.38 0.0 0.681 0.0 0.496 0.0 0.0 0.653 0.0 0.0 0.667 0.156 0.0 0.332 0.0 0.0 0.22 0.0 0.773 0.0 0.0 0.578 0.0 0.0 0.098 0.643 0.046 0.0 0.0 0.435 0.0 0.523 0.483 0.763 0.0 0.0 0.384 0.0 0.0 0.214 0.0 0.0 0.43 0.0 0.0 0.249 0.0 
0.0 0.146 0.112 0.0 0.0 0.0 0.0 0.733 0.0 0.0 0.347 0.0 0.661 0.0 0.0 0.0 0.57 0.0 0.536 0.128 0.0 0.0 0.557 0.0 0.2 0.844 0.908 0.809 0.332 0.0 0.0 0.017 0.0 0.558 0.866 0.0 0.0 0.0 0.0 0.0 0.146 0.0 0.0 0.421 0.0 0.0 0.431 0.0 0.993 0.0 
0.188 0.0 0.358 0.0 0.553 0.0 0.171 0.0 0.955 0.0 0.0 0.316 0.0 0.0 0.0 0.179 0.0 0.143 0.924 0.0 0.0 0.0 0.0 0.0 0.0 0.0 0.815 0.95 0.0 0.871 0.359 0.0 0.0 0.0 0.0 0.737 0.715 0.0 0.0 0.0 0.0 0.0 0.083 0.527 0.348 0.665 0.0 0.0 0.0 0.0 
0.0 0.0 0.0 0.209 0.172 0.906 0.0 0.0 0.921 0.0 0.0 0.689 0.0 0.0 0.0 0.0 0.716 0.0 0.0 0.0 0.0 0.578 0.2 0.0 0.843 0.0 0.0 0.0 0.162 0.0 0.0 0.0 0.917 0.0 0.0 0.0 0.0 0.0 0.0 0.0 0.769 0.0 0.999 0.0 0.0 0.0 0.0 0.0 0.0 0.0 
0.024 0.09 0.0 0.208 0.0 0.831 0.766 0.0 0.0 0.255 0.0 0.0 0.0 0.041 0.833 0.0 0.315 0.71 0.0 0.0 0.453 0.0 0.844 0.0 0.0 0.537 0.0 0.25 0.0 0.548 0.928 0.996 0.0 0.281 0.764 0.923 0.335 0.0 0.525 0.156 0.983 0.459 0.0 0.0 0.328 0.0 0.0 0.978 0.0 0.0 
0.716 0.0 0.701 0.0 0.406 0.0 0.0 0.0 0.611 0.0 0.342 0.156 0.0 0.0 0.908 0.0 0.422 0.0 0.0 0.239 0.0 0.0 0.908 0.815 0.0 0.0 0.0 0.0 0.0 0.0 0.0 0.0 0.0 0.781 0.521 0.0 0.0 0.0 0.0 0.0 0.0 0.0 0.0 0.0 0.05 0.0 0.0 0.064 0.384 0.241 
0.0 0.479 0.0 0.414 0.0 0.0 0.0 0.963 0.0 0.0 0.422 0.748 0.8 0.0 0.674 0.0 0.088 0.0 0.0 0.0 0.804 0.098 0.809 0.95 0.0 0.25 0.0 0.048 0.0 0.438 0.099 0.0 0.0 0.0 0.0 0.0 0.0 0.472 0.0 0.0 0.0 0.0 0.0 0.089 0.465 0.0 0.72 0.0 0.0 0.0 
0.0 0.0 0.979 0.0 0.734 0.0 0.0 0.0 0.617 0.0 0.173 0.0 0.313 0.015 0.0 0.0 0.004 0.657 0.0 0.0 0.754 0.643 0.332 0.0 0.162 0.0 0.0 0.0 0.0 0.54 0.0 0.0 0.0 0.0 0.0 0.0 0.949 0.0 0.0 0.0 0.0 0.0 0.0 0.0 0.0 0.252 0.0 0.0 0.744 0.0 
0.0 0.0 0.0 0.0 0.358 0.045 0.0 0.037 0.0 0.12 0.0 0.503 0.801 0.0 0.0 0.0 0.0 0.0 0.0 0.0 0.382 0.046 0.0 0.871 0.0 0.548 0.0 0.438 0.54 0.0 0.0 0.105 0.12 0.284 0.0 0.0 0.625 0.0 0.597 0.333 0.0 0.905 0.45 0.306 0.0 0.0 0.0 0.0 0.0 0.223 
0.998 0.05 0.778 0.428 0.0 0.236 0.626 0.715 0.0 0.0 0.0 0.0 0.515 0.0 0.014 0.891 0.0 0.381 0.0 0.0 0.0 0.0 0.0 0.359 0.0 0.928 0.0 0.099 0.0 0.0 0.036 0.168 0.0 0.0 0.0 0.0 0.0 0.803 0.0 0.415 0.323 0.0 0.746 0.731 0.0 0.934 0.915 0.0 0.0 0.0 
0.0 0.0 0.0 0.403 0.0 0.083 0.972 0.811 0.643 0.0 0.0 0.0 0.422 0.0 0.139 0.0 0.027 0.0 0.0 0.0 0.129 0.0 0.017 0.0 0.0 0.996 0.0 0.0 0.0 0.105 0.168 0.0 0.0 0.0 0.753 0.0 0.66 0.762 0.0 0.0 0.789 0.105 0.517 0.566 0.0 0.559 0.0 0.0 0.672 0.297 
0.271 0.0 0.063 0.0 0.752 0.0 0.202 0.0 0.0 0.0 0.39 0.0 0.0 0.0 0.0 0.0 0.0 0.0 0.0 0.0 0.0 0.435 0.0 0.0 0.917 0.0 0.0 0.0 0.0 0.12 0.0 0.0 0.0 0.103 0.0 0.0 0.977 0.0 0.0 0.302 0.0 0.098 0.299 0.417 0.0 0.0 0.131 0.238 0.0 0.852 
0.035 0.199 0.0 0.0 0.949 0.0 0.353 0.0 0.0 0.0 0.0 0.0 0.0 0.084 0.0 0.0 0.0 0.0 0.0 0.0 0.0 0.0 0.558 0.0 0.0 0.281 0.781 0.0 0.0 0.284 0.0 0.0 0.103 0.0 0.0 0.0 0.0 0.224 0.0 0.0 0.0 0.474 0.578 0.207 0.0 0.492 0.0 0.611 0.0 0.0 
0.0 0.0 0.0 0.0 0.0 0.132 0.411 0.791 0.059 0.831 0.0 0.0 0.0 0.0 0.478 0.0 0.206 0.608 0.0 0.0 0.0 0.523 0.866 0.0 0.0 0.764 0.521 0.0 0.0 0.0 0.0 0.753 0.0 0.0 0.0 0.0 0.0 0.0 0.529 0.0 0.0 0.0 0.41 0.1 0.421 0.887 0.0 0.802 0.0 0.0 
0.0 0.0 0.0 0.0 0.397 0.019 0.0 0.0 0.0 0.0 0.0 0.0 0.144 0.0 0.146 0.0 0.0 0.0 0.248 0.433 0.491 0.483 0.0 0.737 0.0 0.923 0.0 0.0 0.0 0.0 0.0 0.0 0.0 0.0 0.0 0.919 0.272 0.975 0.0 0.0 0.417 0.0 0.0 0.0 0.504 0.0 0.0 0.015 0.0 0.0 
0.955 0.935 0.315 0.0 0.0 0.0 0.533 0.0 0.94 0.402 0.963 0.0 0.67 0.0 0.133 0.137 0.0 0.875 0.0 0.883 0.631 0.763 0.0 0.715 0.0 0.335 0.0 0.0 0.949 0.625 0.0 0.66 0.977 0.0 0.0 0.272 0.0 0.0 0.0 0.567 0.499 0.951 0.0 0.0 0.0 0.0 0.487 0.0 0.187 0.0 
0.051 0.128 0.671 0.0 0.15 0.0 0.975 0.0 0.045 0.365 0.342 0.0 0.0 0.81 0.0 0.0 0.833 0.0 0.015 0.0 0.0 0.0 0.0 0.0 0.0 0.0 0.0 0.472 0.0 0.0 0.803 0.762 0.0 0.224 0.0 0.975 0.0 0.882 0.991 0.589 0.0 0.0 0.0 0.0 0.0 0.0 0.0 0.0 0.443 0.0 
0.293 0.038 0.0 0.771 0.0 0.0 0.0 0.0 0.0 0.237 0.0 0.0 0.302 0.0 0.0 0.0 0.0 0.0 0.0 0.236 0.58 0.0 0.0 0.0 0.0 0.525 0.0 0.0 0.0 0.597 0.0 0.0 0.0 0.0 0.529 0.0 0.0 0.991 0.17 0.563 0.0 0.0 0.0 0.879 0.0 0.32 0.769 0.0 0.091 0.0 
0.0 0.0 0.0 0.126 0.0 0.0 0.0 0.0 0.0 0.009 0.0 0.656 0.0 0.0 0.173 0.0 0.057 0.684 0.031 0.255 0.087 0.384 0.0 0.0 0.0 0.156 0.0 0.0 0.0 0.333 0.415 0.0 0.302 0.0 0.0 0.0 0.567 0.589 0.563 0.05 0.0 0.527 0.004 0.722 0.429 0.868 0.214 0.954 0.0 0.0 
0.91 0.0 0.0 0.0 0.0 0.0 0.0 0.0 0.04 0.0 0.0 0.0 0.0 0.167 0.0 0.0 0.91 0.714 0.0 0.807 0.0 0.0 0.146 0.0 0.769 0.983 0.0 0.0 0.0 0.0 0.323 0.789 0.0 0.0 0.0 0.417 0.499 0.0 0.0 0.0 0.0 0.797 0.812 0.469 0.508 0.0 0.598 0.141 0.272 0.0 
0.0 0.0 0.478 0.0 0.881 0.735 0.0 0.0 0.749 0.0 0.0 0.0 0.379 0.779 0.981 0.0 0.0 0.0 0.303 0.582 0.757 0.0 0.0 0.0 0.0 0.459 0.0 0.0 0.0 0.905 0.0 0.105 0.098 0.474 0.0 0.0 0.951 0.0 0.0 0.527 0.797 0.268 0.564 0.0 0.0 0.0 0.64 0.0 0.384 0.412 
0.0 0.0 0.0 0.0 0.0 0.87 0.483 0.0 0.998 0.0 0.688 0.0 0.174 0.806 0.0 0.0 0.703 0.03 0.0 0.75 0.0 0.214 0.0 0.083 0.999 0.0 0.0 0.0 0.0 0.45 0.746 0.517 0.299 0.578 0.41 0.0 0.0 0.0 0.0 0.004 0.812 0.564 0.001 0.0 0.338 0.0 0.0 0.0 0.123 0.0 
0.726 0.239 0.0 0.598 0.0 0.0 0.0 0.0 0.0 0.0 0.0 0.558 0.31 0.0 0.0 0.0 0.0 0.0 0.453 0.0 0.0 0.0 0.421 0.527 0.0 0.0 0.0 0.089 0.0 0.306 0.731 0.566 0.417 0.207 0.1 0.0 0.0 0.0 0.879 0.722 0.469 0.0 0.0 0.0 0.542 0.135 0.0 0.0 0.729 0.0 
0.648 0.085 0.0 0.0 0.438 0.0 0.969 0.0 0.0 0.0 0.0 0.209 0.824 0.647 0.0 0.27 0.0 0.0 0.164 0.0 0.055 0.0 0.0 0.348 0.0 0.328 0.05 0.465 0.0 0.0 0.0 0.0 0.0 0.0 0.421 0.504 0.0 0.0 0.0 0.429 0.508 0.0 0.338 0.542 0.091 0.426 0.041 0.035 0.0 0.568 
0.0 0.0 0.0 0.0 0.0 0.991 0.0 0.719 0.709 0.492 0.0 0.0 0.0 0.0 0.931 0.736 0.0 0.977 0.166 0.0 0.85 0.43 0.0 0.665 0.0 0.0 0.0 0.0 0.252 0.0 0.934 0.559 0.0 0.492 0.887 0.0 0.0 0.0 0.32 0.868 0.0 0.0 0.0 0.135 0.426 0.0 0.45 0.0 0.656 0.393 
0.859 0.0 0.821 0.0 0.0 0.0 0.0 0.0 0.0 0.388 0.0 0.0 0.242 0.27 0.0 0.0 0.459 0.377 0.719 0.0 0.0 0.0 0.431 0.0 0.0 0.0 0.0 0.72 0.0 0.0 0.915 0.0 0.131 0.0 0.0 0.0 0.487 0.0 0.769 0.214 0.598 0.64 0.0 0.0 0.041 0.45 0.0 0.0 0.626 0.0 
0.35 0.0 0.0 0.0 0.0 0.0 0.0 0.0 0.0 0.0 0.0 0.424 0.0 0.821 0.402 0.943 0.0 0.0 0.239 0.0 0.785 0.0 0.0 0.0 0.0 0.978 0.064 0.0 0.0 0.0 0.0 0.0 0.238 0.611 0.802 0.015 0.0 0.0 0.0 0.954 0.141 0.0 0.0 0.0 0.035 0.0 0.0 0.0 0.0 0.552 
0.364 0.228 0.0 0.0 0.0 0.0 0.0 0.781 0.0 0.2 0.0 0.0 0.0 0.0 0.77 0.68 0.245 0.0 0.0 0.229 0.0 0.249 0.993 0.0 0.0 0.0 0.384 0.0 0.744 0.0 0.0 0.672 0.0 0.0 0.0 0.0 0.187 0.443 0.091 0.0 0.272 0.384 0.123 0.729 0.0 0.656 0.626 0.0 0.0 0.0 
0.015 0.313 0.109 0.715 0.0 0.664 0.0 0.0 0.887 0.0 0.784 0.0 0.653 0.699 0.271 0.0 0.0 0.159 0.0 0.0 0.0 0.0 0.0 0.0 0.0 0.0 0.241 0.0 0.0 0.223 0.0 0.297 0.852 0.0 0.0 0.0 0.0 0.0 0.0 0.0 0.0 0.412 0.0 0.0 0.568 0.393 0.0 0.552 0.0 0.832 
40 46 8 38 27 22 34 17 37 6 12 39 32 18 9 34 28 12 37 50 30 12 46 18 38 39 51 46 23 14 19 35 14 42 50 50 25 37 7 42 38 31 47 23 27 45 18 28 18 47 
